0	1	17	51	-1	1	6
0	2	17	56	-1	-1	36
0	3	17	64	-1	-1	4
0	4	17	71	-1	1	-2
0	5	17	73	-1	1	-14
0	7	17	86	-1	1	-2
0	8	17	93	-1	1	-8
0	9	17	110	-1	1	-4
0	20	17	221	-1	-1	2
0	22	17	241	-1	-1	2
0	24	17	266	-1	1	-2
0	26	17	274	-1	1	-4
0	27	17	279	-1	-1	10
0	28	17	294	-1	-1	4
0	29	17	296	-1	-1	10
0	30	17	303	-1	-1	12
0	31	17	309	-1	-1	2
0	32	17	310	-1	-1	14
0	34	17	328	-1	-1	4
0	35	17	331	-1	1	-14
0	37	17	347	-1	1	-4
0	40	17	365	-1	1	-2
0	42	17	377	-1	1	-4
1	0	51	17	1	-1	6
1	2	51	56	1	-1	-76
1	5	51	73	1	1	2
1	8	51	93	1	1	16
1	9	51	110	1	1	4
1	10	51	117	1	1	2
1	11	51	122	1	1	2
1	14	51	173	1	1	4
1	16	51	190	1	-1	-2
1	18	51	203	1	-1	-2
1	20	51	221	1	-1	-4
1	21	51	222	1	-1	-2
1	22	51	241	1	-1	-4
1	24	51	266	1	1	6
1	26	51	274	1	1	2
1	27	51	279	1	-1	2
1	28	51	294	1	-1	-12
1	29	51	296	1	-1	-4
1	30	51	303	1	-1	-20
1	31	51	309	1	-1	-10
1	32	51	310	1	-1	-12
1	34	51	328	1	-1	-6
1	35	51	331	1	1	4
1	37	51	347	1	1	10
1	38	51	348	1	1	2
1	42	51	377	1	1	2
1	43	51	387	1	1	6
2	0	56	17	-1	-1	36
2	1	56	51	-1	1	-76
2	3	56	64	-1	-1	22
2	4	56	71	-1	1	-6
2	5	56	73	-1	1	-60
2	6	56	76	-1	1	-2
2	7	56	86	-1	1	-8
2	8	56	93	-1	1	-44
2	9	56	110	-1	1	-32
2	11	56	122	-1	1	-14
2	12	56	164	-1	1	-6
2	18	56	203	-1	-1	16
2	20	56	221	-1	-1	4
2	21	56	222	-1	-1	2
2	22	56	241	-1	-1	20
2	24	56	266	-1	1	-18
2	26	56	274	-1	1	-12
2	27	56	279	-1	-1	20
2	28	56	294	-1	-1	14
2	30	56	303	-1	-1	6
2	31	56	309	-1	-1	10
2	32	56	310	-1	-1	36
2	34	56	328	-1	-1	6
2	35	56	331	-1	1	-24
2	37	56	347	-1	1	-2
2	38	56	348	-1	1	-4
2	42	56	377	-1	1	-14
2	45	56	400	-1	1	-10
2	46	56	401	-1	-1	8
3	0	64	17	-1	-1	4
3	2	64	56	-1	-1	22
3	4	64	71	-1	1	-2
3	5	64	73	-1	1	-18
3	7	64	86	-1	1	-2
3	8	64	93	-1	1	-6
3	9	64	110	-1	1	-10
3	10	64	117	-1	1	-2
3	11	64	122	-1	1	-10
3	12	64	164	-1	1	-2
3	21	64	222	-1	-1	2
3	22	64	241	-1	-1	6
3	26	64	274	-1	1	-2
3	27	64	279	-1	-1	2
3	29	64	296	-1	-1	2
3	30	64	303	-1	-1	8
3	32	64	310	-1	-1	4
3	35	64	331	-1	1	-8
3	46	64	401	-1	-1	6
4	0	71	17	1	-1	-2
4	2	71	56	1	-1	-6
4	3	71	64	1	-1	-2
4	5	71	73	1	1	12
4	8	71	93	1	1	2
4	9	71	110	1	1	4
4	28	71	294	1	-1	-2
4	32	71	310	1	-1	-4
4	35	71	331	1	1	2
4	46	71	401	1	-1	-2
5	0	73	17	1	-1	-14
5	1	73	51	1	1	2
5	2	73	56	1	-1	-60
5	3	73	64	1	-1	-18
5	4	73	71	1	1	12
5	7	73	86	1	1	18
5	8	73	93	1	1	54
5	9	73	110	1	1	48
5	11	73	122	1	1	4
5	12	73	164	1	1	2
5	16	73	190	1	-1	-2
5	17	73	202	1	-1	2
5	20	73	221	1	-1	-2
5	24	73	266	1	1	10
5	26	73	274	1	1	12
5	27	73	279	1	-1	-2
5	28	73	294	1	-1	-4
5	31	73	309	1	-1	-2
5	32	73	310	1	-1	-10
5	35	73	331	1	1	6
5	42	73	377	1	1	6
5	43	73	387	1	1	2
5	45	73	400	1	1	2
5	46	73	401	1	-1	-22
5	47	73	403	1	1	2
6	2	76	56	1	-1	-2
6	8	76	93	1	1	2
6	33	76	323	1	1	2
6	38	76	348	1	1	2
7	0	86	17	1	-1	-2
7	2	86	56	1	-1	-8
7	3	86	64	1	-1	-2
7	5	86	73	1	1	18
7	8	86	93	1	1	4
7	9	86	110	1	1	8
7	11	86	122	1	1	4
7	16	86	190	1	-1	-6
7	18	86	203	1	-1	-2
7	31	86	309	1	-1	-4
7	35	86	331	1	1	6
8	0	93	17	1	-1	-8
8	1	93	51	1	1	16
8	2	93	56	1	-1	-44
8	3	93	64	1	-1	-6
8	4	93	71	1	1	2
8	5	93	73	1	1	54
8	6	93	76	1	1	2
8	7	93	86	1	1	4
8	9	93	110	1	1	42
8	11	93	122	1	1	16
8	18	93	203	1	-1	-2
8	20	93	221	1	-1	-4
8	21	93	222	1	-1	-2
8	22	93	241	1	-1	-6
8	24	93	266	1	1	6
8	26	93	274	1	1	4
8	27	93	279	1	-1	-6
8	28	93	294	1	-1	-14
8	29	93	296	1	-1	-2
8	31	93	309	1	-1	-2
8	32	93	310	1	-1	-8
8	35	93	331	1	1	2
8	38	93	348	1	1	2
8	42	93	377	1	1	10
8	46	93	401	1	-1	-2
8	47	93	403	1	1	8
9	0	110	17	1	-1	-4
9	1	110	51	1	1	4
9	2	110	56	1	-1	-32
9	3	110	64	1	-1	-10
9	4	110	71	1	1	4
9	5	110	73	1	1	48
9	7	110	86	1	1	8
9	8	110	93	1	1	42
9	10	110	117	1	1	2
9	11	110	122	1	1	8
9	14	110	173	1	1	4
9	16	110	190	1	-1	-4
9	20	110	221	1	-1	-12
9	22	110	241	1	-1	-2
9	23	110	260	1	1	2
9	26	110	274	1	1	12
9	27	110	279	1	-1	-2
9	28	110	294	1	-1	-6
9	30	110	303	1	-1	-4
9	32	110	310	1	-1	-4
9	35	110	331	1	1	2
9	42	110	377	1	1	4
10	1	117	51	1	1	2
10	3	117	64	1	-1	-2
10	9	117	110	1	1	2
10	11	117	122	1	1	6
10	14	117	173	1	1	2
10	26	117	274	1	1	2
10	28	117	294	1	-1	-6
10	32	117	310	1	-1	-8
11	1	122	51	1	1	2
11	2	122	56	1	-1	-14
11	3	122	64	1	-1	-10
11	5	122	73	1	1	4
11	7	122	86	1	1	4
11	8	122	93	1	1	16
11	9	122	110	1	1	8
11	10	122	117	1	1	6
11	13	122	170	1	1	2
11	20	122	221	1	-1	-6
11	22	122	241	1	-1	-2
11	24	122	266	1	1	2
11	28	122	294	1	-1	-4
11	32	122	310	1	-1	-2
11	35	122	331	1	1	2
11	37	122	347	1	1	8
11	45	122	400	1	1	4
12	2	164	56	1	-1	-6
12	3	164	64	1	-1	-2
12	5	164	73	1	1	2
12	13	164	170	1	1	2
12	15	164	177	1	-1	-6
12	17	164	202	1	-1	-4
12	18	164	203	1	-1	-8
12	19	164	205	1	-1	-4
12	20	164	221	1	-1	-8
12	22	164	241	1	-1	-2
12	24	164	266	1	1	10
12	26	164	274	1	1	6
12	27	164	279	1	-1	-4
12	29	164	296	1	-1	-4
12	32	164	310	1	-1	-4
12	40	164	365	1	1	2
12	42	164	377	1	1	2
12	43	164	387	1	1	4
12	49	164	448	1	1	2
12	50	164	449	1	1	4
12	52	164	459	1	1	2
13	11	170	122	1	1	2
13	12	170	164	1	1	2
13	14	170	173	1	1	2
13	15	170	177	1	-1	-2
13	18	170	203	1	-1	-2
13	20	170	221	1	-1	-2
13	24	170	266	1	1	2
13	33	170	323	1	1	4
13	35	170	331	1	1	2
14	1	173	51	1	1	4
14	9	173	110	1	1	4
14	10	173	117	1	1	2
14	13	173	170	1	1	2
14	15	173	177	1	-1	-2
14	16	173	190	1	-1	-2
14	17	173	202	1	-1	-2
14	18	173	203	1	-1	-14
14	22	173	241	1	-1	-8
14	32	173	310	1	-1	-4
14	35	173	331	1	1	2
14	46	173	401	1	-1	-2
14	51	173	454	1	1	2
14	52	173	459	1	1	2
15	12	177	164	-1	1	-6
15	13	177	170	-1	1	-2
15	14	177	173	-1	1	-2
15	19	177	205	-1	-1	4
15	20	177	221	-1	-1	2
15	22	177	241	-1	-1	6
15	52	177	459	-1	1	-4
16	1	190	51	-1	1	-2
16	5	190	73	-1	1	-2
16	7	190	86	-1	1	-6
16	9	190	110	-1	1	-4
16	14	190	173	-1	1	-2
16	18	190	203	-1	-1	4
16	20	190	221	-1	-1	6
16	21	190	222	-1	-1	2
16	22	190	241	-1	-1	4
16	26	190	274	-1	1	-2
16	27	190	279	-1	-1	2
16	35	190	331	-1	1	-2
16	45	190	400	-1	1	-4
16	49	190	448	-1	1	-2
17	5	202	73	-1	1	2
17	12	202	164	-1	1	-4
17	14	202	173	-1	1	-2
17	18	202	203	-1	-1	4
17	21	202	222	-1	-1	2
17	22	202	241	-1	-1	4
17	24	202	266	-1	1	-12
17	26	202	274	-1	1	-6
17	27	202	279	-1	-1	2
17	28	202	294	-1	-1	2
17	29	202	296	-1	-1	2
17	31	202	309	-1	-1	2
17	37	202	347	-1	1	-2
18	1	203	51	-1	1	-2
18	2	203	56	-1	-1	16
18	7	203	86	-1	1	-2
18	8	203	93	-1	1	-2
18	12	203	164	-1	1	-8
18	13	203	170	-1	1	-2
18	14	203	173	-1	1	-14
18	16	203	190	-1	-1	4
18	17	203	202	-1	-1	4
18	19	203	205	-1	-1	4
18	20	203	221	-1	-1	6
18	21	203	222	-1	-1	4
18	22	203	241	-1	-1	24
18	24	203	266	-1	1	-4
18	29	203	296	-1	-1	4
18	31	203	309	-1	-1	2
18	32	203	310	-1	-1	8
18	35	203	331	-1	1	-2
18	42	203	377	-1	1	-8
18	45	203	400	-1	1	-12
18	53	203	466	-1	-1	6
18	54	203	471	-1	-1	2
19	12	205	164	-1	1	-4
19	15	205	177	-1	-1	4
19	18	205	203	-1	-1	4
19	20	205	221	-1	-1	2
19	21	205	222	-1	-1	4
19	22	205	241	-1	-1	6
19	24	205	266	-1	1	-2
19	35	205	331	-1	1	-2
20	0	221	17	-1	-1	2
20	1	221	51	-1	1	-4
20	2	221	56	-1	-1	4
20	5	221	73	-1	1	-2
20	8	221	93	-1	1	-4
20	9	221	110	-1	1	-12
20	11	221	122	-1	1	-6
20	12	221	164	-1	1	-8
20	13	221	170	-1	1	-2
20	15	221	177	-1	-1	2
20	16	221	190	-1	-1	6
20	18	221	203	-1	-1	6
20	19	221	205	-1	-1	2
20	21	221	222	-1	-1	4
20	22	221	241	-1	-1	16
20	24	221	266	-1	1	-10
20	26	221	274	-1	1	-2
20	27	221	279	-1	-1	2
20	29	221	296	-1	-1	2
20	30	221	303	-1	-1	4
20	38	221	348	-1	1	-2
20	42	221	377	-1	1	-2
20	54	221	471	-1	-1	2
21	1	222	51	-1	1	-2
21	2	222	56	-1	-1	2
21	3	222	64	-1	-1	2
21	8	222	93	-1	1	-2
21	16	222	190	-1	-1	2
21	17	222	202	-1	-1	2
21	18	222	203	-1	-1	4
21	19	222	205	-1	-1	4
21	20	222	221	-1	-1	4
21	24	222	266	-1	1	-8
21	25	222	272	-1	1	-2
21	27	222	279	-1	-1	8
21	28	222	294	-1	-1	2
21	32	222	310	-1	-1	2
21	37	222	347	-1	1	-2
21	42	222	377	-1	1	-2
21	47	222	403	-1	1	-2
21	54	222	471	-1	-1	-2
22	0	241	17	-1	-1	2
22	1	241	51	-1	1	-4
22	2	241	56	-1	-1	20
22	3	241	64	-1	-1	6
22	8	241	93	-1	1	-6
22	9	241	110	-1	1	-2
22	11	241	122	-1	1	-2
22	12	241	164	-1	1	-2
22	14	241	173	-1	1	-8
22	15	241	177	-1	-1	6
22	16	241	190	-1	-1	4
22	17	241	202	-1	-1	4
22	18	241	203	-1	-1	24
22	19	241	205	-1	-1	6
22	20	241	221	-1	-1	16
22	24	241	266	-1	1	-56
22	25	241	272	-1	1	-2
22	26	241	274	-1	1	-14
22	28	241	294	-1	-1	2
22	29	241	296	-1	-1	2
22	30	241	303	-1	-1	2
22	32	241	310	-1	-1	4
22	35	241	331	-1	1	-6
22	38	241	348	-1	1	-6
22	40	241	365	-1	1	-2
22	42	241	377	-1	1	-14
22	46	241	401	-1	-1	6
22	47	241	403	-1	1	-10
22	49	241	448	-1	1	-4
22	52	241	459	-1	1	-8
22	54	241	471	-1	-1	2
22	55	241	475	-1	-1	4
23	9	260	110	1	1	2
23	24	260	266	1	1	6
24	0	266	17	1	-1	-2
24	1	266	51	1	1	6
24	2	266	56	1	-1	-18
24	5	266	73	1	1	10
24	8	266	93	1	1	6
24	11	266	122	1	1	2
24	12	266	164	1	1	10
24	13	266	170	1	1	2
24	17	266	202	1	-1	-12
24	18	266	203	1	-1	-4
24	19	266	205	1	-1	-2
24	20	266	221	1	-1	-10
24	21	266	222	1	-1	-8
24	22	266	241	1	-1	-56
24	23	266	260	1	1	6
24	25	266	272	1	1	-2
24	26	266	274	1	1	86
24	27	266	279	1	-1	-34
24	28	266	294	1	-1	-20
24	29	266	296	1	-1	-10
24	30	266	303	1	-1	-24
24	31	266	309	1	-1	-24
24	32	266	310	1	-1	-44
24	33	266	323	1	1	2
24	34	266	328	1	-1	-4
24	35	266	331	1	1	18
24	36	266	336	1	1	2
24	37	266	347	1	1	4
24	38	266	348	1	1	2
24	42	266	377	1	1	6
24	45	266	400	1	1	2
24	46	266	401	1	-1	-10
24	47	266	403	1	1	18
24	50	266	449	1	1	2
24	52	266	459	1	1	2
24	54	266	471	1	-1	-18
24	55	266	475	1	-1	-8
24	56	266	484	1	-1	-2
25	21	272	222	1	-1	-2
25	22	272	241	1	-1	-2
25	24	272	266	1	1	-2
25	26	272	274	1	1	2
25	27	272	279	1	-1	-2
25	30	272	303	1	-1	-4
25	42	272	377	1	1	2
26	0	274	17	1	-1	-4
26	1	274	51	1	1	2
26	2	274	56	1	-1	-12
26	3	274	64	1	-1	-2
26	5	274	73	1	1	12
26	8	274	93	1	1	4
26	9	274	110	1	1	12
26	10	274	117	1	1	2
26	12	274	164	1	1	6
26	16	274	190	1	-1	-2
26	17	274	202	1	-1	-6
26	20	274	221	1	-1	-2
26	22	274	241	1	-1	-14
26	24	274	266	1	1	86
26	25	274	272	1	1	2
26	27	274	279	1	-1	-166
26	28	274	294	1	-1	-100
26	29	274	296	1	-1	-34
26	30	274	303	1	-1	-50
26	31	274	309	1	-1	-46
26	32	274	310	1	-1	-74
26	34	274	328	1	-1	-4
26	35	274	331	1	1	34
26	36	274	336	1	1	4
26	37	274	347	1	1	22
26	38	274	348	1	1	2
26	39	274	351	1	1	4
26	40	274	365	1	1	10
26	41	274	370	1	1	6
26	42	274	377	1	1	34
26	43	274	387	1	1	8
26	44	274	397	1	1	2
26	45	274	400	1	1	2
26	46	274	401	1	-1	-26
26	47	274	403	1	1	4
26	49	274	448	1	1	4
26	52	274	459	1	1	2
26	55	274	475	1	-1	-4
27	0	279	17	-1	-1	10
27	1	279	51	-1	1	2
27	2	279	56	-1	-1	20
27	3	279	64	-1	-1	2
27	5	279	73	-1	1	-2
27	8	279	93	-1	1	-6
27	9	279	110	-1	1	-2
27	12	279	164	-1	1	-4
27	16	279	190	-1	-1	2
27	17	279	202	-1	-1	2
27	20	279	221	-1	-1	2
27	21	279	222	-1	-1	8
27	24	279	266	-1	1	-34
27	25	279	272	-1	1	-2
27	26	279	274	-1	1	-166
27	28	279	294	-1	-1	90
27	29	279	296	-1	-1	40
27	30	279	303	-1	-1	86
27	31	279	309	-1	-1	26
27	32	279	310	-1	-1	40
27	34	279	328	-1	-1	2
27	35	279	331	-1	1	-38
27	37	279	347	-1	1	-18
27	38	279	348	-1	1	-4
27	40	279	365	-1	1	-2
27	42	279	377	-1	1	-26
27	43	279	387	-1	1	-4
27	45	279	400	-1	1	-6
27	46	279	401	-1	-1	8
27	47	279	403	-1	1	-8
27	49	279	448	-1	1	-2
27	52	279	459	-1	1	-2
27	56	279	484	-1	-1	4
28	0	294	17	-1	-1	4
28	1	294	51	-1	1	-12
28	2	294	56	-1	-1	14
28	4	294	71	-1	1	-2
28	5	294	73	-1	1	-4
28	8	294	93	-1	1	-14
28	9	294	110	-1	1	-6
28	10	294	117	-1	1	-6
28	11	294	122	-1	1	-4
28	17	294	202	-1	-1	2
28	21	294	222	-1	-1	2
28	22	294	241	-1	-1	2
28	24	294	266	-1	1	-20
28	26	294	274	-1	1	-100
28	27	294	279	-1	-1	90
28	29	294	296	-1	-1	96
28	30	294	303	-1	-1	88
28	31	294	309	-1	-1	52
28	32	294	310	-1	-1	112
28	34	294	328	-1	-1	16
28	35	294	331	-1	1	-42
28	37	294	347	-1	1	-14
28	38	294	348	-1	1	-4
28	39	294	351	-1	1	-4
28	40	294	365	-1	1	-6
28	42	294	377	-1	1	-32
28	43	294	387	-1	1	-16
28	46	294	401	-1	-1	4
28	47	294	403	-1	1	-14
28	52	294	459	-1	1	-8
28	54	294	471	-1	-1	4
28	55	294	475	-1	-1	2
28	60	294	578	-1	1	-4
28	61	294	595	-1	1	-2
29	0	296	17	-1	-1	10
29	1	296	51	-1	1	-4
29	3	296	64	-1	-1	2
29	8	296	93	-1	1	-2
29	12	296	164	-1	1	-4
29	17	296	202	-1	-1	2
29	18	296	203	-1	-1	4
29	20	296	221	-1	-1	2
29	22	296	241	-1	-1	2
29	24	296	266	-1	1	-10
29	26	296	274	-1	1	-34
29	27	296	279	-1	-1	40
29	28	296	294	-1	-1	96
29	30	296	303	-1	-1	60
29	31	296	309	-1	-1	46
29	32	296	310	-1	-1	68
29	34	296	328	-1	-1	2
29	35	296	331	-1	1	-24
29	37	296	347	-1	1	-12
29	38	296	348	-1	1	-6
29	39	296	351	-1	1	-2
29	40	296	365	-1	1	-2
29	41	296	370	-1	1	-2
29	42	296	377	-1	1	-22
29	43	296	387	-1	1	-8
29	45	296	400	-1	1	-6
29	46	296	401	-1	-1	20
29	47	296	403	-1	1	-16
29	48	296	447	-1	1	-2
29	49	296	448	-1	1	-4
29	59	296	575	-1	1	-2
29	61	296	595	-1	1	-4
30	0	303	17	-1	-1	12
30	1	303	51	-1	1	-20
30	2	303	56	-1	-1	6
30	3	303	64	-1	-1	8
30	9	303	110	-1	1	-4
30	20	303	221	-1	-1	4
30	22	303	241	-1	-1	2
30	24	303	266	-1	1	-24
30	25	303	272	-1	1	-4
30	26	303	274	-1	1	-50
30	27	303	279	-1	-1	86
30	28	303	294	-1	-1	88
30	29	303	296	-1	-1	60
30	31	303	309	-1	-1	82
30	32	303	310	-1	-1	152
30	33	303	323	-1	1	-2
30	34	303	328	-1	-1	14
30	35	303	331	-1	1	-72
30	36	303	336	-1	1	-2
30	37	303	347	-1	1	-12
30	38	303	348	-1	1	-6
30	40	303	365	-1	1	-4
30	42	303	377	-1	1	-26
30	43	303	387	-1	1	-4
30	45	303	400	-1	1	-6
30	46	303	401	-1	-1	34
30	47	303	403	-1	1	-16
30	54	303	471	-1	-1	-2
30	56	303	484	-1	-1	4
30	60	303	578	-1	1	-2
30	62	303	600	-1	1	-4
30	66	303	645	-1	1	-2
31	0	309	17	-1	-1	2
31	1	309	51	-1	1	-10
31	2	309	56	-1	-1	10
31	5	309	73	-1	1	-2
31	7	309	86	-1	1	-4
31	8	309	93	-1	1	-2
31	17	309	202	-1	-1	2
31	18	309	203	-1	-1	2
31	24	309	266	-1	1	-24
31	26	309	274	-1	1	-46
31	27	309	279	-1	-1	26
31	28	309	294	-1	-1	52
31	29	309	296	-1	-1	46
31	30	309	303	-1	-1	82
31	32	309	310	-1	-1	230
31	33	309	323	-1	1	-8
31	34	309	328	-1	-1	10
31	35	309	331	-1	1	-52
31	37	309	347	-1	1	-12
31	39	309	351	-1	1	-2
31	40	309	365	-1	1	-6
31	42	309	377	-1	1	-22
31	43	309	387	-1	1	-8
31	45	309	400	-1	1	-16
31	46	309	401	-1	-1	28
31	47	309	403	-1	1	-14
31	52	309	459	-1	1	-4
31	54	309	471	-1	-1	-2
31	65	309	641	-1	1	-4
31	67	309	667	-1	-1	16
32	0	310	17	-1	-1	14
32	1	310	51	-1	1	-12
32	2	310	56	-1	-1	36
32	3	310	64	-1	-1	4
32	4	310	71	-1	1	-4
32	5	310	73	-1	1	-10
32	8	310	93	-1	1	-8
32	9	310	110	-1	1	-4
32	10	310	117	-1	1	-8
32	11	310	122	-1	1	-2
32	12	310	164	-1	1	-4
32	14	310	173	-1	1	-4
32	18	310	203	-1	-1	8
32	21	310	222	-1	-1	2
32	22	310	241	-1	-1	4
32	24	310	266	-1	1	-44
32	26	310	274	-1	1	-74
32	27	310	279	-1	-1	40
32	28	310	294	-1	-1	112
32	29	310	296	-1	-1	68
32	30	310	303	-1	-1	152
32	31	310	309	-1	-1	230
32	33	310	323	-1	1	-20
32	34	310	328	-1	-1	30
32	35	310	331	-1	1	-182
32	36	310	336	-1	1	-6
32	37	310	347	-1	1	-66
32	38	310	348	-1	1	-14
32	39	310	351	-1	1	-8
32	40	310	365	-1	1	-6
32	42	310	377	-1	1	-66
32	43	310	387	-1	1	-20
32	45	310	400	-1	1	-40
32	46	310	401	-1	-1	54
32	47	310	403	-1	1	-32
32	49	310	448	-1	1	-2
32	50	310	449	-1	1	-4
32	52	310	459	-1	1	-2
32	54	310	471	-1	-1	6
32	55	310	475	-1	-1	8
32	59	310	575	-1	1	-6
32	61	310	595	-1	1	-2
32	62	310	600	-1	1	-6
32	66	310	645	-1	1	-6
32	67	310	667	-1	-1	50
33	6	323	76	1	1	2
33	13	323	170	1	1	4
33	24	323	266	1	1	2
33	30	323	303	1	-1	-2
33	31	323	309	1	-1	-8
33	32	323	310	1	-1	-20
33	34	323	328	1	-1	-8
33	35	323	331	1	1	16
33	36	323	336	1	1	2
33	37	323	347	1	1	2
33	42	323	377	1	1	12
33	46	323	401	1	-1	-4
34	0	328	17	-1	-1	4
34	1	328	51	-1	1	-6
34	2	328	56	-1	-1	6
34	24	328	266	-1	1	-4
34	26	328	274	-1	1	-4
34	27	328	279	-1	-1	2
34	28	328	294	-1	-1	16
34	29	328	296	-1	-1	2
34	30	328	303	-1	-1	14
34	31	328	309	-1	-1	10
34	32	328	310	-1	-1	30
34	33	328	323	-1	1	-8
34	35	328	331	-1	1	-78
34	37	328	347	-1	1	-8
34	38	328	348	-1	1	-6
34	39	328	351	-1	1	-6
34	40	328	365	-1	1	-2
34	42	328	377	-1	1	-32
34	43	328	387	-1	1	-2
34	45	328	400	-1	1	-2
34	46	328	401	-1	-1	20
34	47	328	403	-1	1	-4
34	62	328	600	-1	1	-2
34	66	328	645	-1	1	-4
34	67	328	667	-1	-1	20
35	0	331	17	1	-1	-14
35	1	331	51	1	1	4
35	2	331	56	1	-1	-24
35	3	331	64	1	-1	-8
35	4	331	71	1	1	2
35	5	331	73	1	1	6
35	7	331	86	1	1	6
35	8	331	93	1	1	2
35	9	331	110	1	1	2
35	11	331	122	1	1	2
35	13	331	170	1	1	2
35	14	331	173	1	1	2
35	16	331	190	1	-1	-2
35	18	331	203	1	-1	-2
35	19	331	205	1	-1	-2
35	22	331	241	1	-1	-6
35	24	331	266	1	1	18
35	26	331	274	1	1	34
35	27	331	279	1	-1	-38
35	28	331	294	1	-1	-42
35	29	331	296	1	-1	-24
35	30	331	303	1	-1	-72
35	31	331	309	1	-1	-52
35	32	331	310	1	-1	-182
35	33	331	323	1	1	16
35	34	331	328	1	-1	-78
35	36	331	336	1	1	18
35	37	331	347	1	1	94
35	38	331	348	1	1	44
35	39	331	351	1	1	10
35	40	331	365	1	1	14
35	41	331	370	1	1	2
35	42	331	377	1	1	98
35	43	331	387	1	1	16
35	45	331	400	1	1	16
35	46	331	401	1	-1	-42
35	47	331	403	1	1	86
35	49	331	448	1	1	-2
35	50	331	449	1	1	8
35	52	331	459	1	1	4
35	54	331	471	1	-1	-4
35	55	331	475	1	-1	-4
35	61	331	595	1	1	2
35	66	331	645	1	1	2
35	67	331	667	1	-1	-20
35	68	331	687	1	1	2
35	69	331	695	1	-1	-2
35	70	331	703	1	1	2
36	24	336	266	1	1	2
36	26	336	274	1	1	4
36	30	336	303	1	-1	-2
36	32	336	310	1	-1	-6
36	33	336	323	1	1	2
36	35	336	331	1	1	18
36	37	336	347	1	1	16
36	39	336	351	1	1	4
36	41	336	370	1	1	2
36	42	336	377	1	1	12
36	47	336	403	1	1	4
36	55	336	475	1	-1	4
37	0	347	17	1	-1	-4
37	1	347	51	1	1	10
37	2	347	56	1	-1	-2
37	11	347	122	1	1	8
37	17	347	202	1	-1	-2
37	21	347	222	1	-1	-2
37	24	347	266	1	1	4
37	26	347	274	1	1	22
37	27	347	279	1	-1	-18
37	28	347	294	1	-1	-14
37	29	347	296	1	-1	-12
37	30	347	303	1	-1	-12
37	31	347	309	1	-1	-12
37	32	347	310	1	-1	-66
37	33	347	323	1	1	2
37	34	347	328	1	-1	-8
37	35	347	331	1	1	94
37	36	347	336	1	1	16
37	38	347	348	1	1	32
37	39	347	351	1	1	2
37	40	347	365	1	1	12
37	42	347	377	1	1	56
37	43	347	387	1	1	32
37	45	347	400	1	1	14
37	46	347	401	1	-1	-54
37	47	347	403	1	1	8
37	49	347	448	1	1	4
37	53	347	466	1	-1	-2
37	54	347	471	1	-1	-2
37	55	347	475	1	-1	-6
37	67	347	667	1	-1	-14
37	70	347	703	1	1	2
37	71	347	708	1	1	2
37	72	347	709	1	1	4
38	1	348	51	1	1	2
38	2	348	56	1	-1	-4
38	6	348	76	1	1	2
38	8	348	93	1	1	2
38	20	348	221	1	-1	-2
38	22	348	241	1	-1	-6
38	24	348	266	1	1	2
38	26	348	274	1	1	2
38	27	348	279	1	-1	-4
38	28	348	294	1	-1	-4
38	29	348	296	1	-1	-6
38	30	348	303	1	-1	-6
38	32	348	310	1	-1	-14
38	34	348	328	1	-1	-6
38	35	348	331	1	1	44
38	37	348	347	1	1	32
38	39	348	351	1	1	6
38	40	348	365	1	1	2
38	42	348	377	1	1	32
38	43	348	387	1	1	2
38	45	348	400	1	1	14
38	46	348	401	1	-1	-12
38	47	348	403	1	1	4
38	49	348	448	1	1	6
38	50	348	449	1	1	2
38	57	348	489	1	-1	-2
38	67	348	667	1	-1	-10
38	71	348	708	1	1	4
39	26	351	274	1	1	4
39	28	351	294	1	-1	-4
39	29	351	296	1	-1	-2
39	31	351	309	1	-1	-2
39	32	351	310	1	-1	-8
39	34	351	328	1	-1	-6
39	35	351	331	1	1	10
39	36	351	336	1	1	4
39	37	351	347	1	1	2
39	38	351	348	1	1	6
39	42	351	377	1	1	24
39	43	351	387	1	1	4
39	46	351	401	1	-1	-2
40	0	365	17	1	-1	-2
40	12	365	164	1	1	2
40	22	365	241	1	-1	-2
40	26	365	274	1	1	10
40	27	365	279	1	-1	-2
40	28	365	294	1	-1	-6
40	29	365	296	1	-1	-2
40	30	365	303	1	-1	-4
40	31	365	309	1	-1	-6
40	32	365	310	1	-1	-6
40	34	365	328	1	-1	-2
40	35	365	331	1	1	14
40	37	365	347	1	1	12
40	38	365	348	1	1	2
40	42	365	377	1	1	20
40	45	365	400	1	1	10
40	46	365	401	1	-1	-18
40	47	365	403	1	1	10
40	67	365	667	1	-1	-10
40	72	365	709	1	1	2
41	26	370	274	1	1	6
41	29	370	296	1	-1	-2
41	35	370	331	1	1	2
41	36	370	336	1	1	2
41	42	370	377	1	1	4
41	43	370	387	1	1	2
41	47	370	403	1	1	2
41	55	370	475	1	-1	-4
42	0	377	17	1	-1	-4
42	1	377	51	1	1	2
42	2	377	56	1	-1	-14
42	5	377	73	1	1	6
42	8	377	93	1	1	10
42	9	377	110	1	1	4
42	12	377	164	1	1	2
42	18	377	203	1	-1	-8
42	20	377	221	1	-1	-2
42	21	377	222	1	-1	-2
42	22	377	241	1	-1	-14
42	24	377	266	1	1	6
42	25	377	272	1	1	2
42	26	377	274	1	1	34
42	27	377	279	1	-1	-26
42	28	377	294	1	-1	-32
42	29	377	296	1	-1	-22
42	30	377	303	1	-1	-26
42	31	377	309	1	-1	-22
42	32	377	310	1	-1	-66
42	33	377	323	1	1	12
42	34	377	328	1	-1	-32
42	35	377	331	1	1	98
42	36	377	336	1	1	12
42	37	377	347	1	1	56
42	38	377	348	1	1	32
42	39	377	351	1	1	24
42	40	377	365	1	1	20
42	41	377	370	1	1	4
42	43	377	387	1	1	116
42	44	377	397	1	1	2
42	45	377	400	1	1	56
42	46	377	401	1	-1	-172
42	47	377	403	1	1	94
42	49	377	448	1	1	6
42	50	377	449	1	1	2
42	52	377	459	1	1	12
42	54	377	471	1	-1	-10
42	55	377	475	1	-1	-24
42	56	377	484	1	-1	-2
42	58	377	536	1	1	-4
42	60	377	578	1	1	-2
42	61	377	595	1	1	2
42	62	377	600	1	1	8
42	66	377	645	1	1	12
42	67	377	667	1	-1	-54
42	68	377	687	1	1	2
42	69	377	695	1	-1	-6
42	71	377	708	1	1	10
42	72	377	709	1	1	6
42	78	377	752	1	-1	-6
43	1	387	51	1	1	6
43	5	387	73	1	1	2
43	12	387	164	1	1	4
43	26	387	274	1	1	8
43	27	387	279	1	-1	-4
43	28	387	294	1	-1	-16
43	29	387	296	1	-1	-8
43	30	387	303	1	-1	-4
43	31	387	309	1	-1	-8
43	32	387	310	1	-1	-20
43	34	387	328	1	-1	-2
43	35	387	331	1	1	16
43	37	387	347	1	1	32
43	38	387	348	1	1	2
43	39	387	351	1	1	4
43	41	387	370	1	1	2
43	42	387	377	1	1	116
43	45	387	400	1	1	16
43	46	387	401	1	-1	-44
43	47	387	403	1	1	30
43	49	387	448	1	1	4
43	52	387	459	1	1	4
43	54	387	471	1	-1	-2
43	55	387	475	1	-1	-4
43	61	387	595	1	1	2
43	66	387	645	1	1	2
43	67	387	667	1	-1	-22
43	71	387	708	1	1	2
43	72	387	709	1	1	6
44	26	397	274	1	1	2
44	42	397	377	1	1	2
44	45	397	400	1	1	8
44	46	397	401	1	-1	-14
44	47	397	403	1	1	4
44	54	397	471	1	-1	-4
45	2	400	56	1	-1	-10
45	5	400	73	1	1	2
45	11	400	122	1	1	4
45	16	400	190	1	-1	-4
45	18	400	203	1	-1	-12
45	24	400	266	1	1	2
45	26	400	274	1	1	2
45	27	400	279	1	-1	-6
45	29	400	296	1	-1	-6
45	30	400	303	1	-1	-6
45	31	400	309	1	-1	-16
45	32	400	310	1	-1	-40
45	34	400	328	1	-1	-2
45	35	400	331	1	1	16
45	37	400	347	1	1	14
45	38	400	348	1	1	14
45	40	400	365	1	1	10
45	42	400	377	1	1	56
45	43	400	387	1	1	16
45	44	400	397	1	1	8
45	46	400	401	1	-1	-70
45	47	400	403	1	1	20
45	49	400	448	1	1	2
45	54	400	471	1	-1	-16
45	67	400	667	1	-1	-4
45	68	400	687	1	1	4
45	78	400	752	1	-1	-12
46	2	401	56	-1	-1	8
46	3	401	64	-1	-1	6
46	4	401	71	-1	1	-2
46	5	401	73	-1	1	-22
46	8	401	93	-1	1	-2
46	14	401	173	-1	1	-2
46	22	401	241	-1	-1	6
46	24	401	266	-1	1	-10
46	26	401	274	-1	1	-26
46	27	401	279	-1	-1	8
46	28	401	294	-1	-1	4
46	29	401	296	-1	-1	20
46	30	401	303	-1	-1	34
46	31	401	309	-1	-1	28
46	32	401	310	-1	-1	54
46	33	401	323	-1	1	-4
46	34	401	328	-1	-1	20
46	35	401	331	-1	1	-42
46	37	401	347	-1	1	-54
46	38	401	348	-1	1	-12
46	39	401	351	-1	1	-2
46	40	401	365	-1	1	-18
46	42	401	377	-1	1	-172
46	43	401	387	-1	1	-44
46	44	401	397	-1	1	-14
46	45	401	400	-1	1	-70
46	47	401	403	-1	1	-166
46	49	401	448	-1	1	-20
46	50	401	449	-1	1	-10
46	52	401	459	-1	1	-2
46	53	401	466	-1	-1	2
46	54	401	471	-1	-1	10
46	55	401	475	-1	-1	4
46	57	401	489	-1	-1	2
46	59	401	575	-1	1	-2
46	60	401	578	-1	1	-2
46	61	401	595	-1	1	-4
46	62	401	600	-1	1	-12
46	67	401	667	-1	-1	30
46	69	401	695	-1	-1	2
46	70	401	703	-1	1	-2
46	71	401	708	-1	1	-2
46	72	401	709	-1	1	-4
46	78	401	752	-1	-1	2
46	79	401	762	-1	-1	2
46	82	401	789	-1	-1	6
47	5	403	73	1	1	2
47	8	403	93	1	1	8
47	21	403	222	1	-1	-2
47	22	403	241	1	-1	-10
47	24	403	266	1	1	18
47	26	403	274	1	1	4
47	27	403	279	1	-1	-8
47	28	403	294	1	-1	-14
47	29	403	296	1	-1	-16
47	30	403	303	1	-1	-16
47	31	403	309	1	-1	-14
47	32	403	310	1	-1	-32
47	34	403	328	1	-1	-4
47	35	403	331	1	1	86
47	36	403	336	1	1	4
47	37	403	347	1	1	8
47	38	403	348	1	1	4
47	40	403	365	1	1	10
47	41	403	370	1	1	2
47	42	403	377	1	1	94
47	43	403	387	1	1	30
47	44	403	397	1	1	4
47	45	403	400	1	1	20
47	46	403	401	1	-1	-166
47	49	403	448	1	1	6
47	50	403	449	1	1	2
47	52	403	459	1	1	12
47	54	403	471	1	-1	-10
47	56	403	484	1	-1	-2
47	62	403	600	1	1	4
47	67	403	667	1	-1	-22
47	69	403	695	1	-1	-8
47	71	403	708	1	1	4
47	72	403	709	1	1	12
47	78	403	752	1	-1	-6
47	85	403	822	1	-1	-2
48	29	447	296	1	-1	-2
48	49	447	448	1	1	54
48	52	447	459	1	1	4
49	12	448	164	1	1	2
49	16	448	190	1	-1	-2
49	22	448	241	1	-1	-4
49	26	448	274	1	1	4
49	27	448	279	1	-1	-2
49	29	448	296	1	-1	-4
49	32	448	310	1	-1	-2
49	35	448	331	1	1	-2
49	37	448	347	1	1	4
49	38	448	348	1	1	6
49	42	448	377	1	1	6
49	43	448	387	1	1	4
49	45	448	400	1	1	2
49	46	448	401	1	-1	-20
49	47	448	403	1	1	6
49	48	448	447	1	1	54
49	50	448	449	1	1	20
49	52	448	459	1	1	18
49	53	448	466	1	-1	-6
49	54	448	471	1	-1	-30
49	55	448	475	1	-1	-8
49	57	448	489	1	-1	-2
49	59	448	575	1	1	2
49	60	448	578	1	1	2
49	61	448	595	1	1	10
49	62	448	600	1	1	8
49	63	448	619	1	1	2
49	66	448	645	1	1	10
49	67	448	667	1	-1	-14
49	68	448	687	1	1	4
49	71	448	708	1	1	2
49	72	448	709	1	1	6
49	87	448	831	1	1	2
50	12	449	164	1	1	4
50	24	449	266	1	1	2
50	32	449	310	1	-1	-4
50	35	449	331	1	1	8
50	38	449	348	1	1	2
50	42	449	377	1	1	2
50	46	449	401	1	-1	-10
50	47	449	403	1	1	2
50	49	449	448	1	1	20
50	52	449	459	1	1	22
50	53	449	466	1	-1	-10
50	54	449	471	1	-1	-24
50	55	449	475	1	-1	-24
50	59	449	575	1	1	2
50	60	449	578	1	1	6
50	61	449	595	1	1	14
50	67	449	667	1	-1	-6
50	71	449	708	1	1	2
50	72	449	709	1	1	4
50	79	449	762	1	-1	2
50	85	449	822	1	-1	-4
50	88	449	837	1	1	2
51	14	454	173	1	1	2
51	52	454	459	1	1	6
52	12	459	164	1	1	2
52	14	459	173	1	1	2
52	15	459	177	1	-1	-4
52	22	459	241	1	-1	-8
52	24	459	266	1	1	2
52	26	459	274	1	1	2
52	27	459	279	1	-1	-2
52	28	459	294	1	-1	-8
52	31	459	309	1	-1	-4
52	32	459	310	1	-1	-2
52	35	459	331	1	1	4
52	42	459	377	1	1	12
52	43	459	387	1	1	4
52	46	459	401	1	-1	-2
52	47	459	403	1	1	12
52	48	459	447	1	1	4
52	49	459	448	1	1	18
52	50	459	449	1	1	22
52	51	459	454	1	1	6
52	53	459	466	1	-1	-34
52	54	459	471	1	-1	-130
52	55	459	475	1	-1	-18
52	56	459	484	1	-1	-10
52	57	459	489	1	-1	-10
52	59	459	575	1	1	2
52	60	459	578	1	1	2
52	61	459	595	1	1	22
52	62	459	600	1	1	22
52	64	459	631	1	1	2
52	66	459	645	1	1	12
52	67	459	667	1	-1	-10
52	69	459	695	1	-1	-2
52	71	459	708	1	1	4
52	72	459	709	1	1	8
52	73	459	721	1	-1	-2
52	78	459	752	1	-1	-4
52	79	459	762	1	-1	-4
52	82	459	789	1	-1	-2
52	85	459	822	1	-1	-4
52	87	459	831	1	1	4
52	88	459	837	1	1	4
52	89	459	842	1	1	2
52	90	459	843	1	1	4
53	18	466	203	-1	-1	6
53	37	466	347	-1	1	-2
53	46	466	401	-1	-1	2
53	49	466	448	-1	1	-6
53	50	466	449	-1	1	-10
53	52	466	459	-1	1	-34
53	54	466	471	-1	-1	46
53	55	466	475	-1	-1	8
53	57	466	489	-1	-1	6
53	61	466	595	-1	1	-6
53	62	466	600	-1	1	-2
53	67	466	667	-1	-1	2
53	69	466	695	-1	-1	4
53	72	466	709	-1	1	-2
53	78	466	752	-1	-1	4
53	79	466	762	-1	-1	4
53	89	466	842	-1	1	-2
54	18	471	203	-1	-1	2
54	20	471	221	-1	-1	2
54	21	471	222	-1	-1	-2
54	22	471	241	-1	-1	2
54	24	471	266	-1	1	-18
54	28	471	294	-1	-1	4
54	30	471	303	-1	-1	-2
54	31	471	309	-1	-1	-2
54	32	471	310	-1	-1	6
54	35	471	331	-1	1	-4
54	37	471	347	-1	1	-2
54	42	471	377	-1	1	-10
54	43	471	387	-1	1	-2
54	44	471	397	-1	1	-4
54	45	471	400	-1	1	-16
54	46	471	401	-1	-1	10
54	47	471	403	-1	1	-10
54	49	471	448	-1	1	-30
54	50	471	449	-1	1	-24
54	52	471	459	-1	1	-130
54	53	471	466	-1	-1	46
54	55	471	475	-1	-1	110
54	56	471	484	-1	-1	12
54	57	471	489	-1	-1	12
54	58	471	536	-1	1	-4
54	59	471	575	-1	1	-20
54	60	471	578	-1	1	-8
54	61	471	595	-1	1	-48
54	62	471	600	-1	1	-2
54	63	471	619	-1	1	-2
54	65	471	641	-1	1	-2
54	66	471	645	-1	1	-8
54	67	471	667	-1	-1	38
54	69	471	695	-1	-1	2
54	71	471	708	-1	1	-2
54	72	471	709	-1	1	-22
54	73	471	721	-1	-1	6
54	76	471	739	-1	-1	2
54	78	471	752	-1	-1	2
54	79	471	762	-1	-1	6
54	83	471	803	-1	-1	2
54	85	471	822	-1	-1	4
54	89	471	842	-1	1	-4
54	90	471	843	-1	1	-22
54	91	471	861	-1	-1	4
55	22	475	241	-1	-1	4
55	24	475	266	-1	1	-8
55	26	475	274	-1	1	-4
55	28	475	294	-1	-1	2
55	32	475	310	-1	-1	8
55	35	475	331	-1	1	-4
55	36	475	336	-1	1	4
55	37	475	347	-1	1	-6
55	41	475	370	-1	1	-4
55	42	475	377	-1	1	-24
55	43	475	387	-1	1	-4
55	46	475	401	-1	-1	4
55	49	475	448	-1	1	-8
55	50	475	449	-1	1	-24
55	52	475	459	-1	1	-18
55	53	475	466	-1	-1	8
55	54	475	471	-1	-1	110
55	56	475	484	-1	-1	62
55	57	475	489	-1	-1	76
55	58	475	536	-1	1	-10
55	59	475	575	-1	1	-24
55	60	475	578	-1	1	-10
55	61	475	595	-1	1	-72
55	62	475	600	-1	1	-6
55	64	475	631	-1	1	-2
55	66	475	645	-1	1	-10
55	67	475	667	-1	-1	10
55	68	475	687	-1	1	-2
55	71	475	708	-1	1	-4
55	72	475	709	-1	1	-12
55	73	475	721	-1	-1	6
55	76	475	739	-1	-1	2
55	77	475	743	-1	-1	2
55	78	475	752	-1	-1	4
55	79	475	762	-1	-1	4
55	82	475	789	-1	-1	2
55	84	475	817	-1	-1	2
55	85	475	822	-1	-1	4
55	86	475	827	-1	1	-2
55	88	475	837	-1	1	-4
55	90	475	843	-1	1	-20
55	93	475	887	-1	1	-8
56	24	484	266	-1	1	-2
56	27	484	279	-1	-1	4
56	30	484	303	-1	-1	4
56	42	484	377	-1	1	-2
56	47	484	403	-1	1	-2
56	52	484	459	-1	1	-10
56	54	484	471	-1	-1	12
56	55	484	475	-1	-1	62
56	57	484	489	-1	-1	12
56	59	484	575	-1	1	-2
56	60	484	578	-1	1	-2
56	61	484	595	-1	1	-12
56	66	484	645	-1	1	-2
56	79	484	762	-1	-1	2
56	85	484	822	-1	-1	4
56	88	484	837	-1	1	-2
56	93	484	887	-1	1	-2
57	38	489	348	-1	1	-2
57	46	489	401	-1	-1	2
57	49	489	448	-1	1	-2
57	52	489	459	-1	1	-10
57	53	489	466	-1	-1	6
57	54	489	471	-1	-1	12
57	55	489	475	-1	-1	76
57	56	489	484	-1	-1	12
57	59	489	575	-1	1	-8
57	60	489	578	-1	1	-6
57	61	489	595	-1	1	-16
57	65	489	641	-1	1	-2
57	66	489	645	-1	1	-4
57	71	489	708	-1	1	-2
57	88	489	837	-1	1	-12
57	90	489	843	-1	1	-6
57	93	489	887	-1	1	-4
58	42	536	377	1	1	-4
58	54	536	471	1	-1	-4
58	55	536	475	1	-1	-10
58	59	536	575	1	1	6
58	61	536	595	1	1	6
58	82	536	789	1	-1	-2
59	29	575	296	1	-1	-2
59	32	575	310	1	-1	-6
59	46	575	401	1	-1	-2
59	49	575	448	1	1	2
59	50	575	449	1	1	2
59	52	575	459	1	1	2
59	54	575	471	1	-1	-20
59	55	575	475	1	-1	-24
59	56	575	484	1	-1	-2
59	57	575	489	1	-1	-8
59	58	575	536	1	1	6
59	60	575	578	1	1	16
59	61	575	595	1	1	50
59	62	575	600	1	1	6
59	66	575	645	1	1	8
59	67	575	667	1	-1	-6
59	69	575	695	1	-1	-4
59	71	575	708	1	1	2
59	72	575	709	1	1	4
59	79	575	762	1	-1	-2
59	93	575	887	1	1	4
59	97	575	904	1	-1	4
59	98	575	909	1	-1	-2
60	28	578	294	1	-1	-4
60	30	578	303	1	-1	-2
60	42	578	377	1	1	-2
60	46	578	401	1	-1	-2
60	49	578	448	1	1	2
60	50	578	449	1	1	6
60	52	578	459	1	1	2
60	54	578	471	1	-1	-8
60	55	578	475	1	-1	-10
60	56	578	484	1	-1	-2
60	57	578	489	1	-1	-6
60	59	578	575	1	1	16
60	61	578	595	1	1	24
60	62	578	600	1	1	4
60	67	578	667	1	-1	-2
60	87	578	831	1	1	2
60	90	578	843	1	1	2
60	97	578	904	1	-1	-2
61	28	595	294	1	-1	-2
61	29	595	296	1	-1	-4
61	32	595	310	1	-1	-2
61	35	595	331	1	1	2
61	42	595	377	1	1	2
61	43	595	387	1	1	2
61	46	595	401	1	-1	-4
61	49	595	448	1	1	10
61	50	595	449	1	1	14
61	52	595	459	1	1	22
61	53	595	466	1	-1	-6
61	54	595	471	1	-1	-48
61	55	595	475	1	-1	-72
61	56	595	484	1	-1	-12
61	57	595	489	1	-1	-16
61	58	595	536	1	1	6
61	59	595	575	1	1	50
61	60	595	578	1	1	24
61	62	595	600	1	1	20
61	63	595	619	1	1	2
61	64	595	631	1	1	2
61	65	595	641	1	1	6
61	66	595	645	1	1	18
61	67	595	667	1	-1	-28
61	69	595	695	1	-1	-4
61	70	595	703	1	1	2
61	71	595	708	1	1	4
61	72	595	709	1	1	16
61	75	595	732	1	-1	-4
61	79	595	762	1	-1	-10
61	82	595	789	1	-1	-2
61	85	595	822	1	-1	-4
61	87	595	831	1	1	2
61	88	595	837	1	1	2
61	89	595	842	1	1	6
61	90	595	843	1	1	6
61	93	595	887	1	1	6
61	95	595	893	1	-1	-4
61	97	595	904	1	-1	-8
61	99	595	912	1	-1	-4
62	30	600	303	1	-1	-4
62	32	600	310	1	-1	-6
62	34	600	328	1	-1	-2
62	42	600	377	1	1	8
62	46	600	401	1	-1	-12
62	47	600	403	1	1	4
62	49	600	448	1	1	8
62	52	600	459	1	1	22
62	53	600	466	1	-1	-2
62	54	600	471	1	-1	-2
62	55	600	475	1	-1	-6
62	59	600	575	1	1	6
62	60	600	578	1	1	4
62	61	600	595	1	1	20
62	63	600	619	1	1	10
62	64	600	631	1	1	4
62	65	600	641	1	1	2
62	66	600	645	1	1	26
62	67	600	667	1	-1	-22
62	69	600	695	1	-1	-2
62	70	600	703	1	1	4
62	71	600	708	1	1	8
62	72	600	709	1	1	24
62	77	600	743	1	-1	-2
62	79	600	762	1	-1	-4
62	89	600	842	1	1	2
62	93	600	887	1	1	4
62	97	600	904	1	-1	-2
62	101	600	918	1	-1	-8
62	102	600	919	1	-1	-4
63	49	619	448	1	1	2
63	54	619	471	1	-1	-2
63	61	619	595	1	1	2
63	62	619	600	1	1	10
63	66	619	645	1	1	2
63	67	619	667	1	-1	-8
63	72	619	709	1	1	2
64	52	631	459	1	1	2
64	55	631	475	1	-1	-2
64	61	631	595	1	1	2
64	62	631	600	1	1	4
64	65	631	641	1	1	2
64	66	631	645	1	1	10
64	67	631	667	1	-1	-10
64	71	631	708	1	1	6
64	72	631	709	1	1	2
64	78	631	752	1	-1	-2
64	90	631	843	1	1	2
65	31	641	309	1	-1	-4
65	54	641	471	1	-1	-2
65	57	641	489	1	-1	-2
65	61	641	595	1	1	6
65	62	641	600	1	1	2
65	64	641	631	1	1	2
65	66	641	645	1	1	2
65	67	641	667	1	-1	-2
65	69	641	695	1	-1	-6
65	72	641	709	1	1	4
65	78	641	752	1	-1	-2
66	30	645	303	1	-1	-2
66	32	645	310	1	-1	-6
66	34	645	328	1	-1	-4
66	35	645	331	1	1	2
66	42	645	377	1	1	12
66	43	645	387	1	1	2
66	49	645	448	1	1	10
66	52	645	459	1	1	12
66	54	645	471	1	-1	-8
66	55	645	475	1	-1	-10
66	56	645	484	1	-1	-2
66	57	645	489	1	-1	-4
66	59	645	575	1	1	8
66	61	645	595	1	1	18
66	62	645	600	1	1	26
66	63	645	619	1	1	2
66	64	645	631	1	1	10
66	65	645	641	1	1	2
66	67	645	667	1	-1	-52
66	68	645	687	1	1	6
66	69	645	695	1	-1	-16
66	70	645	703	1	1	4
66	71	645	708	1	1	16
66	72	645	709	1	1	22
66	73	645	721	1	-1	-4
66	75	645	732	1	-1	-2
66	78	645	752	1	-1	-4
66	90	645	843	1	1	4
66	93	645	887	1	1	12
66	97	645	904	1	-1	-6
66	99	645	912	1	-1	-4
66	100	645	917	1	-1	-2
66	102	645	919	1	-1	-2
66	103	645	921	1	-1	-8
67	31	667	309	-1	-1	16
67	32	667	310	-1	-1	50
67	34	667	328	-1	-1	20
67	35	667	331	-1	1	-20
67	37	667	347	-1	1	-14
67	38	667	348	-1	1	-10
67	40	667	365	-1	1	-10
67	42	667	377	-1	1	-54
67	43	667	387	-1	1	-22
67	45	667	400	-1	1	-4
67	46	667	401	-1	-1	30
67	47	667	403	-1	1	-22
67	49	667	448	-1	1	-14
67	50	667	449	-1	1	-6
67	52	667	459	-1	1	-10
67	53	667	466	-1	-1	2
67	54	667	471	-1	-1	38
67	55	667	475	-1	-1	10
67	59	667	575	-1	1	-6
67	60	667	578	-1	1	-2
67	61	667	595	-1	1	-28
67	62	667	600	-1	1	-22
67	63	667	619	-1	1	-8
67	64	667	631	-1	1	-10
67	65	667	641	-1	1	-2
67	66	667	645	-1	1	-52
67	68	667	687	-1	1	-28
67	69	667	695	-1	-1	38
67	70	667	703	-1	1	-8
67	71	667	708	-1	1	-50
67	72	667	709	-1	1	-36
67	78	667	752	-1	-1	4
67	79	667	762	-1	-1	10
67	82	667	789	-1	-1	2
67	85	667	822	-1	-1	2
67	87	667	831	-1	1	-2
67	90	667	843	-1	1	-2
67	97	667	904	-1	-1	2
67	102	667	919	-1	-1	10
67	103	667	921	-1	-1	64
67	104	667	930	-1	-1	2
67	105	667	938	-1	-1	4
68	35	687	331	1	1	2
68	42	687	377	1	1	2
68	45	687	400	1	1	4
68	49	687	448	1	1	4
68	55	687	475	1	-1	-2
68	66	687	645	1	1	6
68	67	687	667	1	-1	-28
68	69	687	695	1	-1	-4
68	70	687	703	1	1	4
68	78	687	752	1	-1	-2
68	79	687	762	1	-1	-4
68	93	687	887	1	1	6
68	103	687	921	1	-1	-2
68	105	687	938	1	-1	-4
68	107	687	958	1	-1	-4
69	35	695	331	-1	1	-2
69	42	695	377	-1	1	-6
69	46	695	401	-1	-1	2
69	47	695	403	-1	1	-8
69	52	695	459	-1	1	-2
69	53	695	466	-1	-1	4
69	54	695	471	-1	-1	2
69	59	695	575	-1	1	-4
69	61	695	595	-1	1	-4
69	62	695	600	-1	1	-2
69	65	695	641	-1	1	-6
69	66	695	645	-1	1	-16
69	67	695	667	-1	-1	38
69	68	695	687	-1	1	-4
69	70	695	703	-1	1	-2
69	71	695	708	-1	1	-8
69	72	695	709	-1	1	-16
69	78	695	752	-1	-1	2
69	89	695	842	-1	1	-2
69	93	695	887	-1	1	-6
69	97	695	904	-1	-1	2
69	103	695	921	-1	-1	4
69	108	695	961	-1	-1	4
70	35	703	331	1	1	2
70	37	703	347	1	1	2
70	46	703	401	1	-1	-2
70	61	703	595	1	1	2
70	62	703	600	1	1	4
70	66	703	645	1	1	4
70	67	703	667	1	-1	-8
70	68	703	687	1	1	4
70	69	703	695	1	-1	-2
70	71	703	708	1	1	40
70	72	703	709	1	1	14
70	78	703	752	1	-1	-2
70	82	703	789	1	-1	-2
70	90	703	843	1	1	4
70	93	703	887	1	1	8
70	94	703	891	1	-1	-6
70	103	703	921	1	-1	-2
71	37	708	347	1	1	2
71	38	708	348	1	1	4
71	42	708	377	1	1	10
71	43	708	387	1	1	2
71	46	708	401	1	-1	-2
71	47	708	403	1	1	4
71	49	708	448	1	1	2
71	50	708	449	1	1	2
71	52	708	459	1	1	4
71	54	708	471	1	-1	-2
71	55	708	475	1	-1	-4
71	57	708	489	1	-1	-2
71	59	708	575	1	1	2
71	61	708	595	1	1	4
71	62	708	600	1	1	8
71	64	708	631	1	1	6
71	66	708	645	1	1	16
71	67	708	667	1	-1	-50
71	69	708	695	1	-1	-8
71	70	708	703	1	1	40
71	72	708	709	1	1	64
71	76	708	739	1	-1	-2
71	78	708	752	1	-1	-10
71	79	708	762	1	-1	-8
71	84	708	817	1	-1	-2
71	88	708	837	1	1	4
71	89	708	842	1	1	2
71	90	708	843	1	1	2
71	93	708	887	1	1	4
71	99	708	912	1	-1	-2
71	102	708	919	1	-1	-8
71	103	708	921	1	-1	-16
71	107	708	958	1	-1	-8
72	37	709	347	1	1	4
72	40	709	365	1	1	2
72	42	709	377	1	1	6
72	43	709	387	1	1	6
72	46	709	401	1	-1	-4
72	47	709	403	1	1	12
72	49	709	448	1	1	6
72	50	709	449	1	1	4
72	52	709	459	1	1	8
72	53	709	466	1	-1	-2
72	54	709	471	1	-1	-22
72	55	709	475	1	-1	-12
72	59	709	575	1	1	4
72	61	709	595	1	1	16
72	62	709	600	1	1	24
72	63	709	619	1	1	2
72	64	709	631	1	1	2
72	65	709	641	1	1	4
72	66	709	645	1	1	22
72	67	709	667	1	-1	-36
72	69	709	695	1	-1	-16
72	70	709	703	1	1	14
72	71	709	708	1	1	64
72	73	709	721	1	-1	-4
72	74	709	729	1	-1	-6
72	75	709	732	1	-1	-6
72	76	709	739	1	-1	-4
72	77	709	743	1	-1	-4
72	78	709	752	1	-1	-32
72	79	709	762	1	-1	-6
72	82	709	789	1	-1	-12
72	85	709	822	1	-1	-2
72	87	709	831	1	1	2
72	88	709	837	1	1	2
72	89	709	842	1	1	4
72	90	709	843	1	1	20
72	93	709	887	1	1	12
72	94	709	891	1	-1	-8
72	95	709	893	1	-1	-4
72	97	709	904	1	-1	-10
72	99	709	912	1	-1	-4
72	102	709	919	1	-1	-10
72	103	709	921	1	-1	-32
72	105	709	938	1	-1	-6
72	107	709	958	1	-1	-14
72	108	709	961	1	-1	-4
72	109	709	966	1	-1	-12
72	110	709	975	1	1	2
72	111	709	981	1	1	22
72	112	709	984	1	1	22
72	114	709	991	1	1	6
73	52	721	459	-1	1	-2
73	54	721	471	-1	-1	6
73	55	721	475	-1	-1	6
73	66	721	645	-1	1	-4
73	72	721	709	-1	1	-4
73	75	721	732	-1	-1	2
73	76	721	739	-1	-1	2
73	78	721	752	-1	-1	6
73	79	721	762	-1	-1	4
73	98	721	909	-1	-1	2
73	102	721	919	-1	-1	4
73	108	721	961	-1	-1	4
73	111	721	981	-1	1	-2
73	112	721	984	-1	1	-2
73	113	721	989	-1	1	-2
74	72	729	709	-1	1	-6
74	75	729	732	-1	-1	2
74	76	729	739	-1	-1	2
74	90	729	843	-1	1	-2
74	93	729	887	-1	1	-2
75	61	732	595	-1	1	-4
75	66	732	645	-1	1	-2
75	72	732	709	-1	1	-6
75	73	732	721	-1	-1	2
75	74	732	729	-1	-1	2
75	76	732	739	-1	-1	2
75	77	732	743	-1	-1	2
75	78	732	752	-1	-1	10
75	85	732	822	-1	-1	2
75	90	732	843	-1	1	-8
75	103	732	921	-1	-1	2
75	111	732	981	-1	1	-2
76	54	739	471	-1	-1	2
76	55	739	475	-1	-1	2
76	71	739	708	-1	1	-2
76	72	739	709	-1	1	-4
76	73	739	721	-1	-1	2
76	74	739	729	-1	-1	2
76	75	739	732	-1	-1	2
76	77	739	743	-1	-1	2
76	78	739	752	-1	-1	2
76	79	739	762	-1	-1	2
76	82	739	789	-1	-1	2
76	86	739	827	-1	1	-4
76	87	739	831	-1	1	-2
76	90	739	843	-1	1	-4
76	92	739	876	-1	1	-4
76	103	739	921	-1	-1	2
77	55	743	475	-1	-1	2
77	62	743	600	-1	1	-2
77	72	743	709	-1	1	-4
77	75	743	732	-1	-1	2
77	76	743	739	-1	-1	2
77	78	743	752	-1	-1	28
77	79	743	762	-1	-1	28
77	82	743	789	-1	-1	4
77	90	743	843	-1	1	-6
77	91	743	861	-1	-1	2
77	93	743	887	-1	1	-2
77	102	743	919	-1	-1	4
77	103	743	921	-1	-1	2
77	107	743	958	-1	-1	2
77	108	743	961	-1	-1	2
77	113	743	989	-1	1	-4
77	114	743	991	-1	1	-2
78	42	752	377	-1	1	-6
78	45	752	400	-1	1	-12
78	46	752	401	-1	-1	2
78	47	752	403	-1	1	-6
78	52	752	459	-1	1	-4
78	53	752	466	-1	-1	4
78	54	752	471	-1	-1	2
78	55	752	475	-1	-1	4
78	64	752	631	-1	1	-2
78	65	752	641	-1	1	-2
78	66	752	645	-1	1	-4
78	67	752	667	-1	-1	4
78	68	752	687	-1	1	-2
78	69	752	695	-1	-1	2
78	70	752	703	-1	1	-2
78	71	752	708	-1	1	-10
78	72	752	709	-1	1	-32
78	73	752	721	-1	-1	6
78	75	752	732	-1	-1	10
78	76	752	739	-1	-1	2
78	77	752	743	-1	-1	28
78	79	752	762	-1	-1	66
78	80	752	772	-1	1	-8
78	81	752	788	-1	-1	2
78	82	752	789	-1	-1	4
78	85	752	822	-1	-1	4
78	87	752	831	-1	1	-2
78	89	752	842	-1	1	-4
78	90	752	843	-1	1	-34
78	91	752	861	-1	-1	4
78	92	752	876	-1	1	-2
78	93	752	887	-1	1	-8
78	96	752	899	-1	-1	4
78	97	752	904	-1	-1	10
78	98	752	909	-1	-1	2
78	99	752	912	-1	-1	4
78	101	752	918	-1	-1	6
78	102	752	919	-1	-1	10
78	103	752	921	-1	-1	8
78	105	752	938	-1	-1	2
78	108	752	961	-1	-1	8
78	110	752	975	-1	1	-4
78	111	752	981	-1	1	-8
78	112	752	984	-1	1	-4
78	114	752	991	-1	1	-2
78	116	752	1022	-1	1	-12
79	46	762	401	-1	-1	2
79	50	762	449	-1	1	2
79	52	762	459	-1	1	-4
79	53	762	466	-1	-1	4
79	54	762	471	-1	-1	6
79	55	762	475	-1	-1	4
79	56	762	484	-1	-1	2
79	59	762	575	-1	1	-2
79	61	762	595	-1	1	-10
79	62	762	600	-1	1	-4
79	67	762	667	-1	-1	10
79	68	762	687	-1	1	-4
79	71	762	708	-1	1	-8
79	72	762	709	-1	1	-6
79	73	762	721	-1	-1	4
79	76	762	739	-1	-1	2
79	77	762	743	-1	-1	28
79	78	762	752	-1	-1	66
79	81	762	788	-1	-1	4
79	82	762	789	-1	-1	10
79	83	762	803	-1	-1	6
79	85	762	822	-1	-1	2
79	88	762	837	-1	1	-6
79	89	762	842	-1	1	-2
79	90	762	843	-1	1	-16
79	93	762	887	-1	1	-16
79	94	762	891	-1	-1	2
79	95	762	893	-1	-1	4
79	97	762	904	-1	-1	10
79	101	762	918	-1	-1	6
79	102	762	919	-1	-1	10
79	103	762	921	-1	-1	2
79	104	762	930	-1	-1	4
79	107	762	958	-1	-1	2
79	109	762	966	-1	-1	2
79	114	762	991	-1	1	-2
79	115	762	995	-1	1	-4
79	116	762	1022	-1	1	-4
80	78	772	752	1	-1	-8
80	114	772	991	1	1	6
81	78	788	752	-1	-1	2
81	79	788	762	-1	-1	4
81	82	788	789	-1	-1	2
81	90	788	843	-1	1	-10
81	93	788	887	-1	1	-4
81	103	788	921	-1	-1	2
81	107	788	958	-1	-1	2
81	111	788	981	-1	1	-2
81	112	788	984	-1	1	-4
81	113	788	989	-1	1	-2
82	46	789	401	-1	-1	6
82	52	789	459	-1	1	-2
82	55	789	475	-1	-1	2
82	58	789	536	-1	1	-2
82	61	789	595	-1	1	-2
82	67	789	667	-1	-1	2
82	70	789	703	-1	1	-2
82	72	789	709	-1	1	-12
82	76	789	739	-1	-1	2
82	77	789	743	-1	-1	4
82	78	789	752	-1	-1	4
82	79	789	762	-1	-1	10
82	81	789	788	-1	-1	2
82	83	789	803	-1	-1	30
82	85	789	822	-1	-1	30
82	87	789	831	-1	1	-4
82	88	789	837	-1	1	-8
82	89	789	842	-1	1	-2
82	90	789	843	-1	1	-40
82	93	789	887	-1	1	-22
82	94	789	891	-1	-1	2
82	95	789	893	-1	-1	2
82	97	789	904	-1	-1	4
82	102	789	919	-1	-1	2
82	103	789	921	-1	-1	4
82	105	789	938	-1	-1	4
82	109	789	966	-1	-1	2
82	111	789	981	-1	1	-6
82	112	789	984	-1	1	-2
82	114	789	991	-1	1	-2
83	54	803	471	-1	-1	2
83	79	803	762	-1	-1	6
83	82	803	789	-1	-1	30
83	84	803	817	-1	-1	4
83	85	803	822	-1	-1	18
83	86	803	827	-1	1	-4
83	89	803	842	-1	1	-2
83	90	803	843	-1	1	-26
83	91	803	861	-1	-1	4
83	93	803	887	-1	1	-4
83	102	803	919	-1	-1	4
83	103	803	921	-1	-1	8
83	109	803	966	-1	-1	2
83	111	803	981	-1	1	-2
83	112	803	984	-1	1	-2
83	116	803	1022	-1	1	-2
84	55	817	475	-1	-1	2
84	71	817	708	-1	1	-2
84	83	817	803	-1	-1	4
84	85	817	822	-1	-1	2
84	90	817	843	-1	1	-2
84	103	817	921	-1	-1	6
85	47	822	403	-1	1	-2
85	50	822	449	-1	1	-4
85	52	822	459	-1	1	-4
85	54	822	471	-1	-1	4
85	55	822	475	-1	-1	4
85	56	822	484	-1	-1	4
85	61	822	595	-1	1	-4
85	67	822	667	-1	-1	2
85	72	822	709	-1	1	-2
85	75	822	732	-1	-1	2
85	78	822	752	-1	-1	4
85	79	822	762	-1	-1	2
85	82	822	789	-1	-1	30
85	83	822	803	-1	-1	18
85	84	822	817	-1	-1	2
85	86	822	827	-1	1	-6
85	87	822	831	-1	1	-12
85	88	822	837	-1	1	-18
85	89	822	842	-1	1	-16
85	90	822	843	-1	1	-58
85	93	822	887	-1	1	-18
85	96	822	899	-1	-1	4
85	97	822	904	-1	-1	12
85	101	822	918	-1	-1	8
85	102	822	919	-1	-1	4
85	103	822	921	-1	-1	2
85	109	822	966	-1	-1	8
85	114	822	991	-1	1	-8
85	116	822	1022	-1	1	-10
86	55	827	475	1	-1	-2
86	76	827	739	1	-1	-4
86	83	827	803	1	-1	-4
86	85	827	822	1	-1	-6
86	87	827	831	1	1	18
86	88	827	837	1	1	14
86	89	827	842	1	1	10
86	90	827	843	1	1	16
86	93	827	887	1	1	4
86	95	827	893	1	-1	-2
86	102	827	919	1	-1	-2
87	49	831	448	1	1	2
87	52	831	459	1	1	4
87	60	831	578	1	1	2
87	61	831	595	1	1	2
87	67	831	667	1	-1	-2
87	72	831	709	1	1	2
87	76	831	739	1	-1	-2
87	78	831	752	1	-1	-2
87	82	831	789	1	-1	-4
87	85	831	822	1	-1	-12
87	86	831	827	1	1	18
87	88	831	837	1	1	46
87	89	831	842	1	1	34
87	90	831	843	1	1	70
87	91	831	861	1	-1	-8
87	92	831	876	1	1	24
87	93	831	887	1	1	14
87	97	831	904	1	-1	-4
87	102	831	919	1	-1	-4
87	103	831	921	1	-1	-2
87	107	831	958	1	-1	-4
87	108	831	961	1	-1	-2
87	118	831	1078	1	1	4
87	119	831	1093	1	-1	-4
87	120	831	1095	1	-1	-2
88	50	837	449	1	1	2
88	52	837	459	1	1	4
88	55	837	475	1	-1	-4
88	56	837	484	1	-1	-2
88	57	837	489	1	-1	-12
88	61	837	595	1	1	2
88	71	837	708	1	1	4
88	72	837	709	1	1	2
88	79	837	762	1	-1	-6
88	82	837	789	1	-1	-8
88	85	837	822	1	-1	-18
88	86	837	827	1	1	14
88	87	837	831	1	1	46
88	89	837	842	1	1	66
88	90	837	843	1	1	104
88	91	837	861	1	-1	-2
88	92	837	876	1	1	4
88	93	837	887	1	1	24
88	96	837	899	1	-1	-2
88	99	837	912	1	-1	-2
88	102	837	919	1	-1	-8
88	108	837	961	1	-1	-2
88	109	837	966	1	-1	-4
88	111	837	981	1	1	6
88	112	837	984	1	1	10
88	114	837	991	1	1	2
89	52	842	459	1	1	2
89	53	842	466	1	-1	-2
89	54	842	471	1	-1	-4
89	61	842	595	1	1	6
89	62	842	600	1	1	2
89	69	842	695	1	-1	-2
89	71	842	708	1	1	2
89	72	842	709	1	1	4
89	78	842	752	1	-1	-4
89	79	842	762	1	-1	-2
89	82	842	789	1	-1	-2
89	83	842	803	1	-1	-2
89	85	842	822	1	-1	-16
89	86	842	827	1	1	10
89	87	842	831	1	1	34
89	88	842	837	1	1	66
89	90	842	843	1	1	238
89	91	842	861	1	-1	-4
89	93	842	887	1	1	8
89	95	842	893	1	-1	-2
89	97	842	904	1	-1	-4
89	99	842	912	1	-1	-4
89	101	842	918	1	-1	-2
89	102	842	919	1	-1	-4
89	103	842	921	1	-1	-4
89	106	842	950	1	-1	4
89	107	842	958	1	-1	-2
89	112	842	984	1	1	2
89	114	842	991	1	1	4
89	116	842	1022	1	1	6
89	128	842	1149	1	-1	-2
90	52	843	459	1	1	4
90	54	843	471	1	-1	-22
90	55	843	475	1	-1	-20
90	57	843	489	1	-1	-6
90	60	843	578	1	1	2
90	61	843	595	1	1	6
90	64	843	631	1	1	2
90	66	843	645	1	1	4
90	67	843	667	1	-1	-2
90	70	843	703	1	1	4
90	71	843	708	1	1	2
90	72	843	709	1	1	20
90	74	843	729	1	-1	-2
90	75	843	732	1	-1	-8
90	76	843	739	1	-1	-4
90	77	843	743	1	-1	-6
90	78	843	752	1	-1	-34
90	79	843	762	1	-1	-16
90	81	843	788	1	-1	-10
90	82	843	789	1	-1	-40
90	83	843	803	1	-1	-26
90	84	843	817	1	-1	-2
90	85	843	822	1	-1	-58
90	86	843	827	1	1	16
90	87	843	831	1	1	70
90	88	843	837	1	1	104
90	89	843	842	1	1	238
90	91	843	861	1	-1	-24
90	92	843	876	1	1	16
90	93	843	887	1	1	94
90	94	843	891	1	-1	-12
90	96	843	899	1	-1	-6
90	97	843	904	1	-1	-6
90	98	843	909	1	-1	-2
90	100	843	917	1	-1	-4
90	101	843	918	1	-1	-14
90	102	843	919	1	-1	-40
90	103	843	921	1	-1	-38
90	107	843	958	1	-1	-6
90	108	843	961	1	-1	-2
90	109	843	966	1	-1	-6
90	110	843	975	1	1	4
90	111	843	981	1	1	16
90	114	843	991	1	1	10
90	115	843	995	1	1	16
90	116	843	1022	1	1	10
90	118	843	1078	1	1	-4
90	119	843	1093	1	-1	-4
90	121	843	1096	1	-1	-2
90	123	843	1107	1	-1	-2
90	126	843	1140	1	-1	-2
90	128	843	1149	1	-1	-4
90	129	843	1156	1	-1	-6
90	132	843	1220	1	1	2
91	54	861	471	-1	-1	4
91	77	861	743	-1	-1	2
91	78	861	752	-1	-1	4
91	83	861	803	-1	-1	4
91	87	861	831	-1	1	-8
91	88	861	837	-1	1	-2
91	89	861	842	-1	1	-4
91	90	861	843	-1	1	-24
91	92	861	876	-1	1	-32
91	93	861	887	-1	1	-90
91	97	861	904	-1	-1	2
91	100	861	917	-1	-1	4
91	101	861	918	-1	-1	6
91	102	861	919	-1	-1	4
91	109	861	966	-1	-1	2
91	114	861	991	-1	1	-4
91	115	861	995	-1	1	-6
91	121	861	1096	-1	-1	4
91	126	861	1140	-1	-1	2
91	128	861	1149	-1	-1	4
91	132	861	1220	-1	1	-2
92	76	876	739	1	-1	-4
92	78	876	752	1	-1	-2
92	87	876	831	1	1	24
92	88	876	837	1	1	4
92	90	876	843	1	1	16
92	91	876	861	1	-1	-32
92	93	876	887	1	1	100
92	97	876	904	1	-1	-2
92	102	876	919	1	-1	-10
92	103	876	921	1	-1	2
92	113	876	989	1	1	2
92	116	876	1022	1	1	2
93	55	887	475	1	-1	-8
93	56	887	484	1	-1	-2
93	57	887	489	1	-1	-4
93	59	887	575	1	1	4
93	61	887	595	1	1	6
93	62	887	600	1	1	4
93	66	887	645	1	1	12
93	68	887	687	1	1	6
93	69	887	695	1	-1	-6
93	70	887	703	1	1	8
93	71	887	708	1	1	4
93	72	887	709	1	1	12
93	74	887	729	1	-1	-2
93	77	887	743	1	-1	-2
93	78	887	752	1	-1	-8
93	79	887	762	1	-1	-16
93	81	887	788	1	-1	-4
93	82	887	789	1	-1	-22
93	83	887	803	1	-1	-4
93	85	887	822	1	-1	-18
93	86	887	827	1	1	4
93	87	887	831	1	1	14
93	88	887	837	1	1	24
93	89	887	842	1	1	8
93	90	887	843	1	1	94
93	91	887	861	1	-1	-90
93	92	887	876	1	1	100
93	94	887	891	1	-1	-22
93	95	887	893	1	-1	-32
93	96	887	899	1	-1	-8
93	97	887	904	1	-1	-98
93	98	887	909	1	-1	-6
93	99	887	912	1	-1	-16
93	100	887	917	1	-1	-18
93	101	887	918	1	-1	-36
93	102	887	919	1	-1	-50
93	103	887	921	1	-1	-6
93	105	887	938	1	-1	-4
93	107	887	958	1	-1	-4
93	109	887	966	1	-1	-2
93	112	887	984	1	1	20
93	113	887	989	1	1	6
93	114	887	991	1	1	14
93	116	887	1022	1	1	20
93	117	887	1053	1	1	2
93	118	887	1078	1	1	10
93	119	887	1093	1	-1	-8
93	120	887	1095	1	-1	-2
93	121	887	1096	1	-1	-4
93	126	887	1140	1	-1	-4
93	128	887	1149	1	-1	-2
93	129	887	1156	1	-1	-8
93	130	887	1170	1	-1	-2
93	131	887	1219	1	1	2
93	132	887	1220	1	1	10
93	133	887	1225	1	1	2
94	70	891	703	-1	1	-6
94	72	891	709	-1	1	-8
94	79	891	762	-1	-1	2
94	82	891	789	-1	-1	2
94	90	891	843	-1	1	-12
94	93	891	887	-1	1	-22
94	95	891	893	-1	-1	24
94	96	891	899	-1	-1	4
94	97	891	904	-1	-1	28
94	99	891	912	-1	-1	8
94	100	891	917	-1	-1	2
94	102	891	919	-1	-1	4
94	103	891	921	-1	-1	12
94	108	891	961	-1	-1	2
94	115	891	995	-1	1	-2
94	128	891	1149	-1	-1	4
94	130	891	1170	-1	-1	8
95	61	893	595	-1	1	-4
95	72	893	709	-1	1	-4
95	79	893	762	-1	-1	4
95	82	893	789	-1	-1	2
95	86	893	827	-1	1	-2
95	89	893	842	-1	1	-2
95	93	893	887	-1	1	-32
95	94	893	891	-1	-1	24
95	96	893	899	-1	-1	14
95	97	893	904	-1	-1	28
95	98	893	909	-1	-1	4
95	99	893	912	-1	-1	6
95	101	893	918	-1	-1	10
95	102	893	919	-1	-1	8
95	103	893	921	-1	-1	18
95	128	893	1149	-1	-1	2
96	78	899	752	-1	-1	4
96	85	899	822	-1	-1	4
96	88	899	837	-1	1	-2
96	90	899	843	-1	1	-6
96	93	899	887	-1	1	-8
96	94	899	891	-1	-1	4
96	95	899	893	-1	-1	14
96	97	899	904	-1	-1	28
96	99	899	912	-1	-1	12
96	102	899	919	-1	-1	10
96	108	899	961	-1	-1	2
96	116	899	1022	-1	1	-2
97	59	904	575	-1	1	4
97	60	904	578	-1	1	-2
97	61	904	595	-1	1	-8
97	62	904	600	-1	1	-2
97	66	904	645	-1	1	-6
97	67	904	667	-1	-1	2
97	69	904	695	-1	-1	2
97	72	904	709	-1	1	-10
97	78	904	752	-1	-1	10
97	79	904	762	-1	-1	10
97	82	904	789	-1	-1	4
97	85	904	822	-1	-1	12
97	87	904	831	-1	1	-4
97	89	904	842	-1	1	-4
97	90	904	843	-1	1	-6
97	91	904	861	-1	-1	2
97	92	904	876	-1	1	-2
97	93	904	887	-1	1	-98
97	94	904	891	-1	-1	28
97	95	904	893	-1	-1	28
97	96	904	899	-1	-1	28
97	98	904	909	-1	-1	14
97	99	904	912	-1	-1	32
97	100	904	917	-1	-1	2
97	101	904	918	-1	-1	20
97	102	904	919	-1	-1	54
97	103	904	921	-1	-1	18
97	105	904	938	-1	-1	2
97	107	904	958	-1	-1	6
97	108	904	961	-1	-1	4
97	109	904	966	-1	-1	6
97	110	904	975	-1	1	-6
97	111	904	981	-1	1	-2
97	112	904	984	-1	1	-2
97	113	904	989	-1	1	-10
97	114	904	991	-1	1	-6
97	116	904	1022	-1	1	-4
97	126	904	1140	-1	-1	4
97	128	904	1149	-1	-1	4
97	131	904	1219	-1	1	2
98	59	909	575	-1	1	-2
98	73	909	721	-1	-1	2
98	78	909	752	-1	-1	2
98	90	909	843	-1	1	-2
98	93	909	887	-1	1	-6
98	95	909	893	-1	-1	4
98	97	909	904	-1	-1	14
98	99	909	912	-1	-1	4
98	100	909	917	-1	-1	2
98	101	909	918	-1	-1	6
98	102	909	919	-1	-1	6
98	103	909	921	-1	-1	4
98	109	909	966	-1	-1	2
98	116	909	1022	-1	1	-4
98	132	909	1220	-1	1	-2
99	61	912	595	-1	1	-4
99	66	912	645	-1	1	-4
99	71	912	708	-1	1	-2
99	72	912	709	-1	1	-4
99	78	912	752	-1	-1	4
99	88	912	837	-1	1	-2
99	89	912	842	-1	1	-4
99	93	912	887	-1	1	-16
99	94	912	891	-1	-1	8
99	95	912	893	-1	-1	6
99	96	912	899	-1	-1	12
99	97	912	904	-1	-1	32
99	98	912	909	-1	-1	4
99	100	912	917	-1	-1	14
99	101	912	918	-1	-1	34
99	102	912	919	-1	-1	60
99	103	912	921	-1	-1	28
99	108	912	961	-1	-1	6
99	110	912	975	-1	1	-2
99	111	912	981	-1	1	-6
99	112	912	984	-1	1	-4
99	113	912	989	-1	1	-2
99	114	912	991	-1	1	-4
99	115	912	995	-1	1	-2
99	118	912	1078	-1	1	2
99	128	912	1149	-1	-1	2
99	131	912	1219	-1	1	-4
100	66	917	645	-1	1	-2
100	90	917	843	-1	1	-4
100	91	917	861	-1	-1	4
100	93	917	887	-1	1	-18
100	94	917	891	-1	-1	2
100	97	917	904	-1	-1	2
100	98	917	909	-1	-1	2
100	99	917	912	-1	-1	14
100	101	917	918	-1	-1	32
100	102	917	919	-1	-1	40
100	103	917	921	-1	-1	4
100	111	917	981	-1	1	-4
100	112	917	984	-1	1	-6
100	113	917	989	-1	1	-2
100	132	917	1220	-1	1	-4
101	62	918	600	-1	1	-8
101	78	918	752	-1	-1	6
101	79	918	762	-1	-1	6
101	85	918	822	-1	-1	8
101	89	918	842	-1	1	-2
101	90	918	843	-1	1	-14
101	91	918	861	-1	-1	6
101	93	918	887	-1	1	-36
101	95	918	893	-1	-1	10
101	97	918	904	-1	-1	20
101	98	918	909	-1	-1	6
101	99	918	912	-1	-1	34
101	100	918	917	-1	-1	32
101	102	918	919	-1	-1	140
101	103	918	921	-1	-1	22
101	109	918	966	-1	-1	4
101	111	918	981	-1	1	-2
101	112	918	984	-1	1	-22
101	113	918	989	-1	1	-6
101	114	918	991	-1	1	-2
101	115	918	995	-1	1	-6
101	116	918	1022	-1	1	-6
101	120	918	1095	-1	-1	2
101	129	918	1156	-1	-1	4
102	62	919	600	-1	1	-4
102	66	919	645	-1	1	-2
102	67	919	667	-1	-1	10
102	71	919	708	-1	1	-8
102	72	919	709	-1	1	-10
102	73	919	721	-1	-1	4
102	77	919	743	-1	-1	4
102	78	919	752	-1	-1	10
102	79	919	762	-1	-1	10
102	82	919	789	-1	-1	2
102	83	919	803	-1	-1	4
102	85	919	822	-1	-1	4
102	86	919	827	-1	1	-2
102	87	919	831	-1	1	-4
102	88	919	837	-1	1	-8
102	89	919	842	-1	1	-4
102	90	919	843	-1	1	-40
102	91	919	861	-1	-1	4
102	92	919	876	-1	1	-10
102	93	919	887	-1	1	-50
102	94	919	891	-1	-1	4
102	95	919	893	-1	-1	8
102	96	919	899	-1	-1	10
102	97	919	904	-1	-1	54
102	98	919	909	-1	-1	6
102	99	919	912	-1	-1	60
102	100	919	917	-1	-1	40
102	101	919	918	-1	-1	140
102	103	919	921	-1	-1	110
102	105	919	938	-1	-1	6
102	107	919	958	-1	-1	8
102	108	919	961	-1	-1	6
102	109	919	966	-1	-1	10
102	110	919	975	-1	1	-2
102	111	919	981	-1	1	-14
102	112	919	984	-1	1	-12
102	113	919	989	-1	1	-4
102	114	919	991	-1	1	-10
102	115	919	995	-1	1	-14
102	116	919	1022	-1	1	-24
102	118	919	1078	-1	1	-2
102	119	919	1093	-1	-1	4
102	128	919	1149	-1	-1	4
102	129	919	1156	-1	-1	4
102	131	919	1219	-1	1	-2
102	132	919	1220	-1	1	-4
103	66	921	645	-1	1	-8
103	67	921	667	-1	-1	64
103	68	921	687	-1	1	-2
103	69	921	695	-1	-1	4
103	70	921	703	-1	1	-2
103	71	921	708	-1	1	-16
103	72	921	709	-1	1	-32
103	75	921	732	-1	-1	2
103	76	921	739	-1	-1	2
103	77	921	743	-1	-1	2
103	78	921	752	-1	-1	8
103	79	921	762	-1	-1	2
103	81	921	788	-1	-1	2
103	82	921	789	-1	-1	4
103	83	921	803	-1	-1	8
103	84	921	817	-1	-1	6
103	85	921	822	-1	-1	2
103	87	921	831	-1	1	-2
103	89	921	842	-1	1	-4
103	90	921	843	-1	1	-38
103	92	921	876	-1	1	2
103	93	921	887	-1	1	-6
103	94	921	891	-1	-1	12
103	95	921	893	-1	-1	18
103	97	921	904	-1	-1	18
103	98	921	909	-1	-1	4
103	99	921	912	-1	-1	28
103	100	921	917	-1	-1	4
103	101	921	918	-1	-1	22
103	102	921	919	-1	-1	110
103	104	921	930	-1	-1	10
103	105	921	938	-1	-1	68
103	106	921	950	-1	-1	6
103	107	921	958	-1	-1	118
103	108	921	961	-1	-1	94
103	109	921	966	-1	-1	86
103	110	921	975	-1	1	-26
103	111	921	981	-1	1	-42
103	112	921	984	-1	1	-28
103	113	921	989	-1	1	-8
103	114	921	991	-1	1	-24
103	115	921	995	-1	1	-10
103	116	921	1022	-1	1	-24
103	117	921	1053	-1	1	-2
103	118	921	1078	-1	1	-4
103	121	921	1096	-1	-1	12
103	126	921	1140	-1	-1	2
103	128	921	1149	-1	-1	26
103	129	921	1156	-1	-1	-2
103	130	921	1170	-1	-1	2
103	131	921	1219	-1	1	-8
103	132	921	1220	-1	1	4
104	67	930	667	-1	-1	2
104	79	930	762	-1	-1	4
104	103	930	921	-1	-1	10
104	105	930	938	-1	-1	6
104	107	930	958	-1	-1	4
104	108	930	961	-1	-1	4
105	67	938	667	-1	-1	4
105	68	938	687	-1	1	-4
105	72	938	709	-1	1	-6
105	78	938	752	-1	-1	2
105	82	938	789	-1	-1	4
105	93	938	887	-1	1	-4
105	97	938	904	-1	-1	2
105	102	938	919	-1	-1	6
105	103	938	921	-1	-1	68
105	104	938	930	-1	-1	6
105	107	938	958	-1	-1	18
105	108	938	961	-1	-1	6
105	110	938	975	-1	1	-2
105	112	938	984	-1	1	-2
105	114	938	991	-1	1	-2
105	119	938	1093	-1	-1	4
105	131	938	1219	-1	1	-2
106	89	950	842	-1	1	4
106	103	950	921	-1	-1	6
106	107	950	958	-1	-1	4
106	108	950	961	-1	-1	4
107	68	958	687	-1	1	-4
107	71	958	708	-1	1	-8
107	72	958	709	-1	1	-14
107	77	958	743	-1	-1	2
107	79	958	762	-1	-1	2
107	81	958	788	-1	-1	2
107	87	958	831	-1	1	-4
107	89	958	842	-1	1	-2
107	90	958	843	-1	1	-6
107	93	958	887	-1	1	-4
107	97	958	904	-1	-1	6
107	102	958	919	-1	-1	8
107	103	958	921	-1	-1	118
107	104	958	930	-1	-1	4
107	105	958	938	-1	-1	18
107	106	958	950	-1	-1	4
107	108	958	961	-1	-1	84
107	109	958	966	-1	-1	14
107	110	958	975	-1	1	-2
107	111	958	981	-1	1	-14
107	113	958	989	-1	1	-8
107	114	958	991	-1	1	-6
107	115	958	995	-1	1	-8
107	126	958	1140	-1	-1	2
107	132	958	1220	-1	1	-2
108	69	961	695	-1	-1	4
108	72	961	709	-1	1	-4
108	73	961	721	-1	-1	4
108	77	961	743	-1	-1	2
108	78	961	752	-1	-1	8
108	87	961	831	-1	1	-2
108	88	961	837	-1	1	-2
108	90	961	843	-1	1	-2
108	94	961	891	-1	-1	2
108	96	961	899	-1	-1	2
108	97	961	904	-1	-1	4
108	99	961	912	-1	-1	6
108	102	961	919	-1	-1	6
108	103	961	921	-1	-1	94
108	104	961	930	-1	-1	4
108	105	961	938	-1	-1	6
108	106	961	950	-1	-1	4
108	107	961	958	-1	-1	84
108	109	961	966	-1	-1	50
108	110	961	975	-1	1	-2
108	111	961	981	-1	1	-6
108	112	961	984	-1	1	-6
108	114	961	991	-1	1	-2
108	115	961	995	-1	1	-12
108	116	961	1022	-1	1	-2
108	132	961	1220	-1	1	-2
109	72	966	709	-1	1	-12
109	79	966	762	-1	-1	2
109	82	966	789	-1	-1	2
109	83	966	803	-1	-1	2
109	85	966	822	-1	-1	8
109	88	966	837	-1	1	-4
109	90	966	843	-1	1	-6
109	91	966	861	-1	-1	2
109	93	966	887	-1	1	-2
109	97	966	904	-1	-1	6
109	98	966	909	-1	-1	2
109	101	966	918	-1	-1	4
109	102	966	919	-1	-1	10
109	103	966	921	-1	-1	86
109	107	966	958	-1	-1	14
109	108	966	961	-1	-1	50
109	110	966	975	-1	1	-20
109	111	966	981	-1	1	-56
109	112	966	984	-1	1	-12
109	113	966	989	-1	1	-6
109	114	966	991	-1	1	-16
109	115	966	995	-1	1	-2
109	116	966	1022	-1	1	-8
109	126	966	1140	-1	-1	-2
109	128	966	1149	-1	-1	2
110	72	975	709	1	1	2
110	78	975	752	1	-1	-4
110	90	975	843	1	1	4
110	97	975	904	1	-1	-6
110	99	975	912	1	-1	-2
110	102	975	919	1	-1	-2
110	103	975	921	1	-1	-26
110	105	975	938	1	-1	-2
110	107	975	958	1	-1	-2
110	108	975	961	1	-1	-2
110	109	975	966	1	-1	-20
110	111	975	981	1	1	60
110	112	975	984	1	1	36
110	113	975	989	1	1	8
110	114	975	991	1	1	14
110	115	975	995	1	1	4
110	116	975	1022	1	1	6
110	123	975	1107	1	-1	2
110	131	975	1219	1	1	2
111	72	981	709	1	1	22
111	73	981	721	1	-1	-2
111	75	981	732	1	-1	-2
111	78	981	752	1	-1	-8
111	81	981	788	1	-1	-2
111	82	981	789	1	-1	-6
111	83	981	803	1	-1	-2
111	88	981	837	1	1	6
111	90	981	843	1	1	16
111	97	981	904	1	-1	-2
111	99	981	912	1	-1	-6
111	100	981	917	1	-1	-4
111	101	981	918	1	-1	-2
111	102	981	919	1	-1	-14
111	103	981	921	1	-1	-42
111	107	981	958	1	-1	-14
111	108	981	961	1	-1	-6
111	109	981	966	1	-1	-56
111	110	981	975	1	1	60
111	112	981	984	1	1	74
111	113	981	989	1	1	10
111	114	981	991	1	1	68
111	115	981	995	1	1	12
111	116	981	1022	1	1	12
111	117	981	1053	1	1	2
111	122	981	1099	1	-1	-2
111	128	981	1149	1	-1	-2
111	131	981	1219	1	1	2
111	132	981	1220	1	1	4
112	72	984	709	1	1	22
112	73	984	721	1	-1	-2
112	78	984	752	1	-1	-4
112	81	984	788	1	-1	-4
112	82	984	789	1	-1	-2
112	83	984	803	1	-1	-2
112	88	984	837	1	1	10
112	89	984	842	1	1	2
112	93	984	887	1	1	20
112	97	984	904	1	-1	-2
112	99	984	912	1	-1	-4
112	100	984	917	1	-1	-6
112	101	984	918	1	-1	-22
112	102	984	919	1	-1	-12
112	103	984	921	1	-1	-28
112	105	984	938	1	-1	-2
112	108	984	961	1	-1	-6
112	109	984	966	1	-1	-12
112	110	984	975	1	1	36
112	111	984	981	1	1	74
112	113	984	989	1	1	58
112	114	984	991	1	1	96
112	115	984	995	1	1	18
112	116	984	1022	1	1	22
112	117	984	1053	1	1	8
112	119	984	1093	1	-1	-2
112	121	984	1096	1	-1	-18
112	128	984	1149	1	-1	-2
112	129	984	1156	1	-1	-6
113	73	989	721	1	-1	-2
113	77	989	743	1	-1	-4
113	81	989	788	1	-1	-2
113	92	989	876	1	1	2
113	93	989	887	1	1	6
113	97	989	904	1	-1	-10
113	99	989	912	1	-1	-2
113	100	989	917	1	-1	-2
113	101	989	918	1	-1	-6
113	102	989	919	1	-1	-4
113	103	989	921	1	-1	-8
113	107	989	958	1	-1	-8
113	109	989	966	1	-1	-6
113	110	989	975	1	1	8
113	111	989	981	1	1	10
113	112	989	984	1	1	58
113	114	989	991	1	1	78
113	115	989	995	1	1	14
113	116	989	1022	1	1	12
113	117	989	1053	1	1	2
113	118	989	1078	1	1	2
113	121	989	1096	1	-1	-2
113	123	989	1107	1	-1	-2
113	125	989	1127	1	-1	-12
114	72	991	709	1	1	6
114	77	991	743	1	-1	-2
114	78	991	752	1	-1	-2
114	79	991	762	1	-1	-2
114	80	991	772	1	1	6
114	82	991	789	1	-1	-2
114	85	991	822	1	-1	-8
114	88	991	837	1	1	2
114	89	991	842	1	1	4
114	90	991	843	1	1	10
114	91	991	861	1	-1	-4
114	93	991	887	1	1	14
114	97	991	904	1	-1	-6
114	99	991	912	1	-1	-4
114	101	991	918	1	-1	-2
114	102	991	919	1	-1	-10
114	103	991	921	1	-1	-24
114	105	991	938	1	-1	-2
114	107	991	958	1	-1	-6
114	108	991	961	1	-1	-2
114	109	991	966	1	-1	-16
114	110	991	975	1	1	14
114	111	991	981	1	1	68
114	112	991	984	1	1	96
114	113	991	989	1	1	78
114	115	991	995	1	1	98
114	116	991	1022	1	1	80
114	117	991	1053	1	1	2
114	120	991	1095	1	-1	-2
114	121	991	1096	1	-1	-10
114	124	991	1116	1	1	6
114	126	991	1140	1	-1	-8
114	128	991	1149	1	-1	-14
114	129	991	1156	1	-1	12
114	131	991	1219	1	1	8
114	132	991	1220	1	1	8
115	79	995	762	1	-1	-4
115	90	995	843	1	1	16
115	91	995	861	1	-1	-6
115	94	995	891	1	-1	-2
115	99	995	912	1	-1	-2
115	101	995	918	1	-1	-6
115	102	995	919	1	-1	-14
115	103	995	921	1	-1	-10
115	107	995	958	1	-1	-8
115	108	995	961	1	-1	-12
115	109	995	966	1	-1	-2
115	110	995	975	1	1	4
115	111	995	981	1	1	12
115	112	995	984	1	1	18
115	113	995	989	1	1	14
115	114	995	991	1	1	98
115	116	995	1022	1	1	22
115	117	995	1053	1	1	2
115	119	995	1093	1	-1	-4
115	121	995	1096	1	-1	-6
115	123	995	1107	1	-1	-2
115	124	995	1116	1	1	4
115	126	995	1140	1	-1	-4
115	131	995	1219	1	1	2
116	78	1022	752	1	-1	-12
116	79	1022	762	1	-1	-4
116	83	1022	803	1	-1	-2
116	85	1022	822	1	-1	-10
116	89	1022	842	1	1	6
116	90	1022	843	1	1	10
116	92	1022	876	1	1	2
116	93	1022	887	1	1	20
116	96	1022	899	1	-1	-2
116	97	1022	904	1	-1	-4
116	98	1022	909	1	-1	-4
116	101	1022	918	1	-1	-6
116	102	1022	919	1	-1	-24
116	103	1022	921	1	-1	-24
116	108	1022	961	1	-1	-2
116	109	1022	966	1	-1	-8
116	110	1022	975	1	1	6
116	111	1022	981	1	1	12
116	112	1022	984	1	1	22
116	113	1022	989	1	1	12
116	114	1022	991	1	1	80
116	115	1022	995	1	1	22
116	117	1022	1053	1	1	20
116	119	1022	1093	1	-1	-14
116	120	1022	1095	1	-1	-4
116	121	1022	1096	1	-1	-10
116	123	1022	1107	1	-1	-6
116	126	1022	1140	1	-1	-14
116	128	1022	1149	1	-1	-10
116	132	1022	1220	1	1	8
117	93	1053	887	1	1	2
117	103	1053	921	1	-1	-2
117	111	1053	981	1	1	2
117	112	1053	984	1	1	8
117	113	1053	989	1	1	2
117	114	1053	991	1	1	2
117	115	1053	995	1	1	2
117	116	1053	1022	1	1	20
117	118	1053	1078	1	1	16
117	119	1053	1093	1	-1	-2
117	121	1053	1096	1	-1	-2
117	124	1053	1116	1	1	4
117	126	1053	1140	1	-1	-4
117	132	1053	1220	1	1	2
118	87	1078	831	1	1	4
118	90	1078	843	1	1	-4
118	93	1078	887	1	1	10
118	99	1078	912	1	-1	2
118	102	1078	919	1	-1	-2
118	103	1078	921	1	-1	-4
118	113	1078	989	1	1	2
118	117	1078	1053	1	1	16
118	119	1078	1093	1	-1	-12
118	120	1078	1095	1	-1	-4
118	128	1078	1149	1	-1	-2
119	87	1093	831	-1	1	-4
119	90	1093	843	-1	1	-4
119	93	1093	887	-1	1	-8
119	102	1093	919	-1	-1	4
119	105	1093	938	-1	-1	4
119	112	1093	984	-1	1	-2
119	115	1093	995	-1	1	-4
119	116	1093	1022	-1	1	-14
119	117	1093	1053	-1	1	-2
119	118	1093	1078	-1	1	-12
119	120	1093	1095	-1	-1	10
119	121	1093	1096	-1	-1	12
119	122	1093	1099	-1	-1	2
119	123	1093	1107	-1	-1	-2
119	126	1093	1140	-1	-1	12
119	128	1093	1149	-1	-1	8
119	131	1093	1219	-1	1	-2
119	132	1093	1220	-1	1	-12
120	87	1095	831	-1	1	-2
120	93	1095	887	-1	1	-2
120	101	1095	918	-1	-1	2
120	114	1095	991	-1	1	-2
120	116	1095	1022	-1	1	-4
120	118	1095	1078	-1	1	-4
120	119	1095	1093	-1	-1	10
120	121	1095	1096	-1	-1	12
120	123	1095	1107	-1	-1	4
120	126	1095	1140	-1	-1	2
120	128	1095	1149	-1	-1	2
120	132	1095	1220	-1	1	-6
121	90	1096	843	-1	1	-2
121	91	1096	861	-1	-1	4
121	93	1096	887	-1	1	-4
121	103	1096	921	-1	-1	12
121	112	1096	984	-1	1	-18
121	113	1096	989	-1	1	-2
121	114	1096	991	-1	1	-10
121	115	1096	995	-1	1	-6
121	116	1096	1022	-1	1	-10
121	117	1096	1053	-1	1	-2
121	119	1096	1093	-1	-1	12
121	120	1096	1095	-1	-1	12
121	123	1096	1107	-1	-1	6
121	124	1096	1116	-1	1	-10
121	125	1096	1127	-1	-1	-4
121	126	1096	1140	-1	-1	20
121	128	1096	1149	-1	-1	4
121	129	1096	1156	-1	-1	6
121	131	1096	1219	-1	1	-4
121	132	1096	1220	-1	1	-14
122	111	1099	981	-1	1	-2
122	119	1099	1093	-1	-1	2
122	128	1099	1149	-1	-1	4
122	129	1099	1156	-1	-1	4
123	90	1107	843	-1	1	-2
123	110	1107	975	-1	1	2
123	113	1107	989	-1	1	-2
123	115	1107	995	-1	1	-2
123	116	1107	1022	-1	1	-6
123	119	1107	1093	-1	-1	-2
123	120	1107	1095	-1	-1	4
123	121	1107	1096	-1	-1	6
123	124	1107	1116	-1	1	-8
123	126	1107	1140	-1	-1	12
123	128	1107	1149	-1	-1	4
123	132	1107	1220	-1	1	-2
124	114	1116	991	1	1	6
124	115	1116	995	1	1	4
124	117	1116	1053	1	1	4
124	121	1116	1096	1	-1	-10
124	123	1116	1107	1	-1	-8
124	126	1116	1140	1	-1	-8
124	128	1116	1149	1	-1	-6
124	131	1116	1219	1	1	2
125	113	1127	989	-1	1	-12
125	121	1127	1096	-1	-1	-4
126	90	1140	843	-1	1	-2
126	91	1140	861	-1	-1	2
126	93	1140	887	-1	1	-4
126	97	1140	904	-1	-1	4
126	103	1140	921	-1	-1	2
126	107	1140	958	-1	-1	2
126	109	1140	966	-1	-1	-2
126	114	1140	991	-1	1	-8
126	115	1140	995	-1	1	-4
126	116	1140	1022	-1	1	-14
126	117	1140	1053	-1	1	-4
126	119	1140	1093	-1	-1	12
126	120	1140	1095	-1	-1	2
126	121	1140	1096	-1	-1	20
126	123	1140	1107	-1	-1	12
126	124	1140	1116	-1	1	-8
126	127	1140	1147	-1	-1	2
126	128	1140	1149	-1	-1	58
126	129	1140	1156	-1	-1	28
126	130	1140	1170	-1	-1	2
126	131	1140	1219	-1	1	-8
126	132	1140	1220	-1	1	-12
126	133	1140	1225	-1	1	-4
127	126	1147	1140	-1	-1	2
127	129	1147	1156	-1	-1	6
128	89	1149	842	-1	1	-2
128	90	1149	843	-1	1	-4
128	91	1149	861	-1	-1	4
128	93	1149	887	-1	1	-2
128	94	1149	891	-1	-1	4
128	95	1149	893	-1	-1	2
128	97	1149	904	-1	-1	4
128	99	1149	912	-1	-1	2
128	102	1149	919	-1	-1	4
128	103	1149	921	-1	-1	26
128	109	1149	966	-1	-1	2
128	111	1149	981	-1	1	-2
128	112	1149	984	-1	1	-2
128	114	1149	991	-1	1	-14
128	116	1149	1022	-1	1	-10
128	118	1149	1078	-1	1	-2
128	119	1149	1093	-1	-1	8
128	120	1149	1095	-1	-1	2
128	121	1149	1096	-1	-1	4
128	122	1149	1099	-1	-1	4
128	123	1149	1107	-1	-1	4
128	124	1149	1116	-1	1	-6
128	126	1149	1140	-1	-1	58
128	129	1149	1156	-1	-1	150
128	130	1149	1170	-1	-1	8
128	131	1149	1219	-1	1	-16
128	132	1149	1220	-1	1	-6
128	133	1149	1225	-1	1	-2
129	90	1156	843	-1	1	-6
129	93	1156	887	-1	1	-8
129	101	1156	918	-1	-1	4
129	102	1156	919	-1	-1	4
129	103	1156	921	-1	-1	-2
129	112	1156	984	-1	1	-6
129	114	1156	991	-1	1	12
129	121	1156	1096	-1	-1	6
129	122	1156	1099	-1	-1	4
129	126	1156	1140	-1	-1	28
129	127	1156	1147	-1	-1	6
129	128	1156	1149	-1	-1	150
129	130	1156	1170	-1	-1	2
129	131	1156	1219	-1	1	-14
129	132	1156	1220	-1	1	-18
129	133	1156	1225	-1	1	-2
130	93	1170	887	-1	1	-2
130	94	1170	891	-1	-1	8
130	103	1170	921	-1	-1	2
130	126	1170	1140	-1	-1	2
130	128	1170	1149	-1	-1	8
130	129	1170	1156	-1	-1	2
130	131	1170	1219	-1	1	-2
130	132	1170	1220	-1	1	-2
131	93	1219	887	1	1	2
131	97	1219	904	1	-1	2
131	99	1219	912	1	-1	-4
131	102	1219	919	1	-1	-2
131	103	1219	921	1	-1	-8
131	105	1219	938	1	-1	-2
131	110	1219	975	1	1	2
131	111	1219	981	1	1	2
131	114	1219	991	1	1	8
131	115	1219	995	1	1	2
131	119	1219	1093	1	-1	-2
131	121	1219	1096	1	-1	-4
131	124	1219	1116	1	1	2
131	126	1219	1140	1	-1	-8
131	128	1219	1149	1	-1	-16
131	129	1219	1156	1	-1	-14
131	130	1219	1170	1	-1	-2
131	132	1219	1220	1	1	64
131	133	1219	1225	1	1	12
132	90	1220	843	1	1	2
132	91	1220	861	1	-1	-2
132	93	1220	887	1	1	10
132	98	1220	909	1	-1	-2
132	100	1220	917	1	-1	-4
132	102	1220	919	1	-1	-4
132	103	1220	921	1	-1	4
132	107	1220	958	1	-1	-2
132	108	1220	961	1	-1	-2
132	111	1220	981	1	1	4
132	114	1220	991	1	1	8
132	116	1220	1022	1	1	8
132	117	1220	1053	1	1	2
132	119	1220	1093	1	-1	-12
132	120	1220	1095	1	-1	-6
132	121	1220	1096	1	-1	-14
132	123	1220	1107	1	-1	-2
132	126	1220	1140	1	-1	-12
132	128	1220	1149	1	-1	-6
132	129	1220	1156	1	-1	-18
132	130	1220	1170	1	-1	-2
132	131	1220	1219	1	1	64
132	133	1220	1225	1	1	18
133	93	1225	887	1	1	2
133	126	1225	1140	1	-1	-4
133	128	1225	1149	1	-1	-2
133	129	1225	1156	1	-1	-2
133	131	1225	1219	1	1	12
133	132	1225	1220	1	1	18
