0	17	q	13207111	13516597	613	-1	-308	-616
1	51	q	13848345	14059049	490	1	-416	-1496
2	56	q	14064639	14383499	628	-1	-1064	-2728
3	64	q	14485103	14591128	136	-1	-236	-2992
4	71	q	14665933	14687559	29	1	-76	-3064
5	73	q	14704882	14851467	222	1	-628	-3472
6	76	q	14879290	14883638	7	1	-16	-3488
7	86	q	14971354	14992434	35	1	-128	-3504
8	93	q	15044252	15287585	260	1	-548	-3512
9	110	q	15364616	15468983	153	1	-440	-3176
10	117	q	15540677	15556901	25	1	-60	-3248
11	122	q	15586577	15638890	69	1	-192	-3120
12	164	q	16197730	16303932	153	1	-176	-3392
13	170	q	16340025	16367999	22	1	-40	-3440
14	173	q	16398020	16455602	71	1	-104	-3552
15	177	q	16528712	16582929	32	-1	-52	-3576
16	190	q	16675097	16711364	49	-1	-88	-3624
17	202	q	16810497	16868200	44	-1	-84	-3760
18	203	q	16872659	16954294	110	-1	-280	-3888
19	205	q	16971614	17000448	22	-1	-56	-3904
20	221	q	17085509	17218827	130	-1	-212	-3848
21	222	q	17221869	17260413	35	-1	-100	-3856
22	241	q	17395479	17610310	313	-1	-512	-3984
23	260	q	17733060	17746868	12	1	-16	-4000
24	266	q	17766264	18134376	460	1	-988	-4744
25	272	q	18195407	18199435	9	1	-24	-4776
26	274	q	18203608	18557309	481	1	-1620	-6672
27	279	q	18657303	18826608	370	-1	-1332	-7256
28	294	q	18972057	19306277	493	-1	-1604	-8208
29	296	q	19316331	19588889	317	-1	-1040	-8592
30	303	q	19651651	20065452	495	-1	-1620	-8888
31	309	q	20086890	20390208	469	-1	-1480	-9368
32	310	q	20393466	20991483	1047	-1	-2960	-8536
33	323	q	21109928	21147724	45	1	-164	-8560
34	328	q	21262842	21352952	157	-1	-584	-8880
35	331	q	21488858	22133331	937	1	-2260	-8264
36	336	q	22144648	22206494	41	1	-136	-8264
37	347	q	22265991	22447214	376	1	-1108	-8016
38	348	q	22447627	22598269	167	1	-468	-7848
39	351	q	22623165	22680812	60	1	-156	-7776
40	365	q	22784612	22850236	86	1	-284	-7768
41	370	q	22870119	22902951	24	1	-48	-7768
42	377	q	22958985	23593655	942	1	-2380	-7776
43	387	q	23661547	23863550	262	1	-784	-7312
44	397	q	23954661	23966194	13	1	-68	-7416
45	400	q	23983684	24056129	228	1	-748	-6944
46	401	q	24067023	24528330	741	-1	-1940	-5352
47	403	q	24537280	24911999	469	1	-1332	-3408
48	447	q	25514228	25517805	6	1	-120	-3632
49	448	q	25517859	25714977	230	1	-532	-3736
50	449	q	25715689	25849143	135	1	-344	-3992
51	454	q	25876502	25891793	9	1	-16	-4008
52	459	q	25899846	26278994	393	1	-876	-4800
53	466	q	26366117	26422698	74	-1	-292	-4904
54	471	q	26458593	26794703	526	-1	-1320	-5016
55	475	q	26822451	27286905	721	-1	-1192	-5512
56	484	q	27340660	27488770	137	-1	-276	-5280
57	489	q	27533942	27676123	123	-1	-364	-5032
58	536	q	27958933	28092462	45	1	-48	-5048
59	575	q	28441483	28557878	135	1	-352	-5144
60	578	q	28579807	28634419	59	1	-188	-5056
61	595	q	28715054	29036735	434	1	-916	-4504
62	600	q	29058822	29245904	248	1	-468	-4592
63	619	q	29334148	29364534	20	1	-56	-4576
64	631	q	29425066	29476079	44	1	-88	-4672
65	641	q	29522458	29558720	22	1	-68	-4664
66	645	q	29579964	29824332	286	1	-608	-4760
67	667	q	29986316	30501922	897	-1	-1492	-3888
68	687	q	30829083	30931122	99	1	-156	-3816
69	695	q	31032326	31123547	114	-1	-292	-3600
70	703	q	31287706	31394433	113	1	-216	-3792
71	708	q	31428136	31648666	272	1	-612	-3624
72	709	q	31651635	32297230	758	1	-1128	-3544
73	721	q	32385248	32533608	121	-1	-104	-3576
74	729	q	32571686	32590195	17	-1	-28	-3584
75	732	q	32606945	32663150	43	-1	-88	-3632
76	739	q	32686896	32739660	30	-1	-80	-3664
77	743	q	32760942	32824697	91	-1	-196	-3960
78	752	q	32891706	33164293	369	-1	-736	-4264
79	762	q	33216188	33363239	230	-1	-556	-4064
80	772	q	33529442	33559946	12	1	-28	-4056
81	788	q	33840105	33873938	36	-1	-68	-4144
82	789	q	33874804	34064513	238	-1	-436	-4600
83	803	q	34142816	34230375	92	-1	-240	-4776
84	817	q	34340396	34353001	8	-1	-36	-4784
85	822	q	34495306	34627512	286	-1	-544	-5168
86	827	q	34720431	34750255	26	1	-164	-5368
87	831	q	34839690	35010162	192	1	-548	-6048
88	837	q	35044542	35185884	208	1	-720	-6496
89	842	q	35256834	35452011	202	1	-884	-6984
90	843	q	35452013	36304044	1234	1	-2144	-5448
91	861	q	36383191	36495023	139	-1	-428	-5888
92	876	q	36605030	36705979	103	1	-392	-6016
93	887	q	36773331	37655611	1277	1	-1808	-5744
94	891	q	37694288	37778269	84	-1	-300	-5928
95	893	q	37785526	37882236	119	-1	-328	-5992
96	899	q	37945687	38005452	44	-1	-192	-6040
97	904	q	38018785	38361064	385	-1	-916	-5760
98	909	q	38410609	38468780	26	-1	-124	-5752
99	912	q	38477037	38581552	166	-1	-536	-6008
100	917	q	38703287	38761492	68	-1	-280	-6184
101	918	q	38761785	38952978	259	-1	-808	-6296
102	919	q	38967235	39371281	629	-1	-1512	-5192
103	921	q	39397090	40169772	1339	-1	-2048	-5848
104	930	q	40283893	40300986	18	-1	-60	-5840
105	938	q	40337066	40429123	99	-1	-284	-5560
106	950	q	40487325	40510277	12	-1	-20	-5584
107	958	q	40546189	40811462	392	-1	-692	-5320
108	961	q	40843610	41020030	258	-1	-644	-4688
109	966	q	41050092	41184482	165	-1	-664	-4320
110	975	q	41264534	41376307	97	1	-400	-4544
111	981	q	41420557	41585662	346	1	-920	-4208
112	984	q	41636506	41893137	381	1	-1004	-4040
113	989	q	41919856	42023260	125	1	-524	-3984
114	991	q	42027752	42289941	441	1	-1228	-3320
115	995	q	42312717	42477244	196	1	-548	-2592
116	1022	q	42738294	43035600	540	1	-760	-1760
117	1053	q	43314722	43376127	99	1	-140	-1720
118	1078	q	43725341	43769073	41	1	-100	-1664
119	1093	q	43986938	44095484	141	-1	-228	-1656
120	1095	q	44254745	44304170	50	-1	-104	-1656
121	1096	q	44305862	44436898	181	-1	-308	-1520
122	1099	q	44457638	44484824	29	-1	-24	-1536
123	1107	q	44528745	44627939	108	-1	-88	-1568
124	1116	q	44718715	44757025	67	1	-96	-1504
125	1127	q	44843289	44851405	13	-1	-16	-1472
126	1140	q	44920927	45091022	246	-1	-424	-1536
127	1147	q	45115898	45134291	8	-1	-16	-1552
128	1149	q	45138864	45294791	296	-1	-708	-1592
129	1156	q	45333788	45516461	358	-1	-488	-904
130	1170	q	45593961	45601869	17	-1	-56	-824
131	1219	q	45989665	46161740	235	1	-308	-816
132	1220	q	46162187	46435223	403	1	-400	-160
133	1225	q	46499331	46550300	71	1	-80	-0
