0	11	p	5154477	5298147	460	-1	-216	-432
1	53	p	5328391	5329705	17	-1	-8	-448
2	80	p	5367589	5377496	39	1	-12	-472
3	111	p	7205894	7205969	8	1	0	-472
4	116	p	7215294	7327637	361	1	-148	-336
5	118	p	7822904	8049258	880	1	-92	-424
6	150	p	8756825	8860182	411	-1	-4	-416
7	159	p	8885426	9047101	810	-1	-148	-808
8	161	p	9053773	9102718	146	-1	-4	-800
9	177	p	9168430	9187975	29	1	0	-800
10	181	p	9192189	9249402	29	-1	-28	-856
11	184	p	9281409	9339549	68	-1	0	-856
12	211	p	9555691	9676918	265	1	-24	-824
13	212	p	9680605	10162171	2065	1	-340	-704
14	227	p	10270863	10491678	2089	-1	-276	-536
15	233	p	10513450	10814363	1814	-1	-268	-0
16	234	p	10814523	13037798	420	-1	-12	-24
17	255	q	13216979	13516452	611	-1	-344	-568
18	296	q	13861080	14014854	474	-1	-412	-1344
19	308	q	14081521	14215891	330	1	-620	-2248
20	318	q	14254009	14383027	287	1	-640	-2472
21	329	q	14486375	14498316	19	1	-40	-2520
22	331	q	14520812	14590798	113	1	-172	-2736
23	339	q	14665933	14687559	29	1	-76	-2808
24	342	q	14718797	14841896	218	1	-584	-3224
25	366	q	14971490	14992242	33	1	-116	-3232
26	380	q	15061281	15278536	250	1	-524	-3272
27	406	q	15380461	15468981	147	1	-420	-2928
28	415	q	15544061	15556176	22	1	-52	-2984
29	425	q	15593537	15638366	65	1	-164	-2864
30	469	q	16198005	16303858	151	1	-172	-3144
31	477	q	16354604	16366475	19	1	-28	-3168
32	484	q	16402155	16455602	69	1	-88	-3264
33	490	q	16558084	16582715	29	-1	-48	-3296
34	505	q	16677676	16711035	47	-1	-84	-3352
35	521	q	16823230	16854854	34	-1	-80	-3464
36	531	q	16882368	16953314	107	-1	-240	-3640
37	537	q	16985619	16998480	16	-1	-48	-3640
38	566	q	17095621	17188195	105	-1	-168	-3608
39	591	q	17239276	17258139	27	-1	-76	-3600
40	614	q	17396316	17607949	309	1	-484	-3752
41	654	q	17776227	17959621	208	-1	-420	-4096
42	656	q	17972223	17999552	45	-1	-140	-4264
43	659	q	18009612	18115864	195	-1	-604	-4528
44	683	q	18232229	18373540	249	-1	-832	-5376
45	685	q	18384447	18556052	229	-1	-932	-6360
46	692	q	18681066	18825742	368	1	-1296	-6952
47	709	q	18972057	19079745	190	-1	-708	-7296
48	724	q	19127585	19137624	11	-1	-48	-7328
49	728	q	19151493	19299008	265	-1	-920	-7792
50	736	q	19331353	19440232	124	-1	-476	-7912
51	750	q	19472431	19588887	176	-1	-580	-8144
52	759	q	19667316	19772924	124	-1	-444	-8200
53	760	q	19774313	19991487	302	-1	-952	-8376
54	762	q	20005234	20061773	66	-1	-264	-8424
55	773	q	20089919	20390130	466	-1	-1436	-8960
56	779	q	20413915	20617111	359	-1	-1152	-8928
57	781	q	20619810	20973595	678	-1	-2236	-8120
58	806	q	21125446	21147261	36	1	-120	-8104
59	816	q	21265214	21352280	153	-1	-536	-8488
60	822	q	21499765	22124486	931	1	-2204	-7952
61	833	q	22153613	22165306	11	1	-28	-7960
62	838	q	22179884	22202739	21	1	-96	-7944
63	852	q	22265991	22442145	373	1	-1108	-7664
64	859	q	22456951	22592143	162	1	-444	-7512
65	866	q	22636193	22680170	57	1	-152	-7448
66	882	q	22793822	22843725	82	1	-252	-7456
67	893	q	22880906	22901186	19	1	-36	-7480
68	902	q	22958985	23593655	942	1	-2308	-7552
69	916	q	23675553	23859545	257	1	-756	-7128
70	928	q	23961660	23964252	10	-1	-56	-7224
71	933	q	23983684	24055735	227	-1	-720	-6792
72	936	q	24122999	24527216	739	-1	-1920	-5240
73	940	q	24587308	24692035	164	-1	-536	-4776
74	945	q	24712020	24911809	299	-1	-884	-3344
75	1000	q	25532659	25714100	222	-1	-400	-3616
76	1005	q	25725146	25844688	132	-1	-316	-3848
77	1047	q	25943712	26070279	139	-1	-320	-4344
78	1069	q	26118152	26277930	203	-1	-624	-4632
79	1078	q	26373731	26422698	73	1	-284	-4752
80	1084	q	26472993	26794035	523	1	-1252	-4840
81	1091	q	26835070	26865294	34	1	-144	-4968
82	1094	q	26879135	27286722	683	1	-1080	-5320
83	1105	q	27380066	27488502	135	-1	-272	-5096
84	1112	q	27556804	27668904	119	-1	-320	-4840
85	1163	q	28050757	28086636	43	-1	-60	-4848
86	1210	q	28447228	28548967	129	1	-328	-4896
87	1217	q	28583650	28616898	46	1	-152	-4816
88	1245	q	28729012	29033527	431	1	-852	-4360
89	1254	q	29059823	29241447	243	1	-460	-4448
90	1278	q	29342454	29355572	13	1	-40	-4432
91	1296	q	29439635	29473552	41	1	-88	-4528
92	1311	q	29540670	29551483	16	1	-52	-4504
93	1319	q	29585651	29824239	284	1	-580	-4592
94	1344	q	29998292	30501921	894	1	-1468	-3720
95	1365	q	30829083	30924831	94	-1	-152	-3656
96	1378	q	31032326	31121883	112	-1	-292	-3440
97	1389	q	31294185	31394045	111	1	-208	-3616
98	1395	q	31428136	31646055	270	1	-600	-3424
99	1402	q	31664077	31687275	21	1	-32	-3472
100	1408	q	31705956	32109818	516	1	-1276	-4344
101	1409	q	32109836	32268840	197	1	-808	-3304
102	1438	q	32430804	32533608	116	-1	-104	-3352
103	1454	q	32606945	32637596	29	-1	-52	-3392
104	1483	q	32706946	32734749	18	-1	-28	-3384
105	1494	q	32771972	32824664	86	-1	-168	-3640
106	1505	q	32897742	33163577	367	-1	-704	-3944
107	1518	q	33217505	33351354	220	-1	-512	-3800
108	1537	q	33553086	33553222	7	-1	-20	-3792
109	1558	q	33847455	33865303	33	1	-56	-3856
110	1566	q	33883234	34058615	231	1	-416	-4304
111	1584	q	34147121	34216995	83	1	-224	-4480
112	1618	q	34495509	34624644	283	-1	-532	-4888
113	1627	q	34722292	34749006	22	1	-128	-5048
114	1634	q	34855447	34930273	87	-1	-348	-5584
115	1639	q	34941979	35010162	100	-1	-244	-5752
116	1647	q	35049033	35185704	205	-1	-696	-6200
117	1654	q	35288335	35448900	193	-1	-744	-6424
118	1655	q	35449599	35452007	7	-1	0	-6424
119	1659	q	35472373	35687407	394	-1	-972	-6320
120	1665	q	35711669	35787372	66	-1	-256	-6160
121	1673	q	35810649	35912136	68	-1	-284	-6152
122	1679	q	35928097	36304039	685	-1	-1292	-5200
123	1699	q	36429791	36494229	137	1	-424	-5632
124	1716	q	36624961	36701939	99	1	-376	-5728
125	1733	q	36782867	37298579	892	1	-1580	-5752
126	1737	q	37308476	37574140	285	1	-640	-5384
127	1740	q	37581146	37654969	91	1	-284	-5440
128	1748	q	37719989	37774123	81	-1	-280	-5584
129	1753	q	37809893	37881214	117	-1	-308	-5640
130	1761	q	37950797	37993169	37	1	-176	-5672
131	1774	q	38028676	38172064	113	1	-384	-5752
132	1777	q	38180097	38352431	264	1	-668	-5456
133	1785	q	38441363	38462406	21	1	-108	-5432
134	1804	q	38507057	38581552	154	1	-416	-5544
135	1811	q	38706506	38761353	65	1	-292	-5760
136	1815	q	38796510	38949199	255	1	-752	-5936
137	1820	q	38972653	39081109	195	1	-616	-5568
138	1824	q	39098621	39368065	427	1	-1132	-4808
139	1829	q	39403454	39810866	750	1	-1464	-5432
140	1835	q	39834579	40169493	582	1	-1044	-5504
141	1847	q	40286410	40294671	13	1	-56	-5504
142	1860	q	40340398	40424062	94	1	-280	-5232
143	1878	q	40503938	40507327	6	1	-24	-5232
144	1890	q	40552170	40619810	123	1	-284	-5160
145	1895	q	40637755	40711180	131	1	-312	-5256
146	1898	q	40725282	40811198	130	1	-336	-4984
147	1902	q	40843610	40881135	51	1	-200	-4904
148	1903	q	40881951	41011861	203	1	-536	-4360
149	1916	q	41057023	41183069	160	1	-628	-4048
150	1928	q	41285897	41376304	94	-1	-400	-4288
151	1936	q	41421796	41583682	343	-1	-880	-4000
152	1943	q	41644194	41871844	364	-1	-940	-3784
153	1948	q	41885482	41890362	8	-1	-68	-3776
154	1958	q	41926556	42023156	122	-1	-484	-3816
155	1964	q	42042269	42289941	438	-1	-1188	-3168
156	1969	q	42335067	42397007	118	-1	-412	-2872
157	1977	q	42417220	42472764	67	-1	-256	-2504
158	2011	q	42749509	43035533	535	-1	-728	-1704
159	2049	q	43321670	43375203	95	-1	-132	-1648
160	2079	q	43732618	43768210	37	1	-100	-1592
161	2096	q	43996496	44095465	139	1	-232	-1592
162	2101	q	44255066	44297666	46	-1	-80	-1608
163	2108	q	44322938	44436472	175	-1	-328	-1544
164	2115	q	44463387	44480669	24	-1	-64	-1480
165	2127	q	44535488	44622787	105	-1	-88	-1480
166	2140	q	44722186	44757025	65	-1	-72	-1464
167	2152	q	44850147	44850276	9	1	-16	-1432
168	2172	q	44932077	45078768	240	-1	-400	-1464
169	2196	q	45145281	45294776	291	-1	-660	-1472
170	2207	q	45342474	45513608	351	-1	-452	-840
171	2224	q	45594742	45601829	15	-1	-40	-760
172	2276	q	45997291	46080235	105	1	-144	-696
173	2278	q	46085510	46159753	125	1	-216	-744
174	2287	q	46174339	46409336	377	1	-380	-208
175	2294	q	46423089	46431881	12	1	-44	-120
176	2303	q	46504055	46548393	69	-1	-60	-0
