0	4	11	116	-1	1	-50
0	5	11	118	-1	1	-4
0	6	11	150	-1	-1	2
0	7	11	159	-1	-1	-10
0	12	11	211	-1	1	-10
0	13	11	212	-1	1	-38
0	14	11	227	-1	-1	-2
0	15	11	233	-1	-1	16
1	4	53	116	-1	1	-4
2	15	80	233	1	-1	-6
4	0	116	11	1	-1	-50
4	1	116	53	1	-1	-4
4	5	116	118	1	1	8
4	7	116	159	1	-1	2
4	13	116	212	1	1	-14
4	14	116	227	1	-1	-42
4	15	116	233	1	-1	14
5	0	118	11	1	-1	-4
5	4	118	116	1	1	8
5	13	118	212	1	1	-4
5	14	118	227	1	-1	-4
5	15	118	233	1	-1	-34
6	0	150	11	-1	-1	2
6	13	150	212	-1	1	-8
6	14	150	227	-1	-1	-6
6	15	150	233	-1	-1	-2
7	0	159	11	-1	-1	-10
7	4	159	116	-1	1	2
7	8	159	161	-1	-1	2
7	13	159	212	-1	1	-58
7	14	159	227	-1	-1	36
7	15	159	233	-1	-1	-10
8	7	161	159	-1	-1	2
10	13	181	212	-1	1	-16
10	15	181	233	-1	-1	-2
12	0	211	11	1	-1	-10
12	13	211	212	1	1	-2
12	14	211	227	1	-1	-2
12	15	211	233	1	-1	-2
13	0	212	11	1	-1	-38
13	4	212	116	1	1	-14
13	5	212	118	1	1	-4
13	6	212	150	1	-1	-8
13	7	212	159	1	-1	-58
13	10	212	181	1	-1	-16
13	12	212	211	1	1	-2
13	14	212	227	1	-1	-14
13	15	212	233	1	-1	-56
14	0	227	11	-1	-1	-2
14	4	227	116	-1	1	-42
14	5	227	118	-1	1	-4
14	6	227	150	-1	-1	-6
14	7	227	159	-1	-1	36
14	12	227	211	-1	1	-2
14	13	227	212	-1	1	-14
14	15	227	233	-1	-1	48
15	0	233	11	-1	-1	16
15	2	233	80	-1	1	-6
15	4	233	116	-1	1	14
15	5	233	118	-1	1	-34
15	6	233	150	-1	-1	-2
15	7	233	159	-1	-1	-10
15	10	233	181	-1	-1	-2
15	12	233	211	-1	1	-2
15	13	233	212	-1	1	-56
15	14	233	227	-1	-1	48
16	17	234	255	-1	-1	18
16	18	234	296	-1	-1	12
16	19	234	308	-1	1	8
16	20	234	318	-1	1	-4
16	22	234	331	-1	1	8
16	24	234	342	-1	1	6
16	27	234	406	-1	1	-2
16	36	234	531	-1	-1	-8
16	49	234	728	-1	-1	2
16	53	234	760	-1	-1	-2
16	55	234	773	-1	-1	-8
16	56	234	779	-1	-1	-2
16	57	234	781	-1	-1	20
16	60	234	822	-1	1	20
16	62	234	838	-1	1	2
16	63	234	852	-1	1	-12
17	16	255	234	-1	-1	18
17	18	255	296	-1	-1	-6
17	19	255	308	-1	1	-12
17	20	255	318	-1	1	-24
17	21	255	329	-1	1	-2
17	22	255	331	-1	1	-2
17	23	255	339	-1	1	-2
17	24	255	342	-1	1	-14
17	25	255	366	-1	1	-2
17	26	255	380	-1	1	-8
17	27	255	406	-1	1	-4
17	38	255	566	-1	-1	2
17	40	255	614	-1	1	-2
17	43	255	659	-1	-1	2
17	44	255	683	-1	-1	4
17	46	255	692	-1	1	-10
17	47	255	709	-1	-1	2
17	49	255	728	-1	-1	2
17	50	255	736	-1	-1	6
17	51	255	750	-1	-1	4
17	52	255	759	-1	-1	2
17	53	255	760	-1	-1	6
17	54	255	762	-1	-1	4
17	55	255	773	-1	-1	2
17	56	255	779	-1	-1	4
17	57	255	781	-1	-1	10
17	59	255	816	-1	-1	4
17	60	255	822	-1	1	-14
17	63	255	852	-1	1	-4
17	66	255	882	-1	1	-2
17	68	255	902	-1	1	-4
18	16	296	234	-1	-1	12
18	17	296	255	-1	-1	-6
18	19	296	308	-1	1	-38
18	20	296	318	-1	1	-32
18	22	296	331	-1	1	-2
18	24	296	342	-1	1	2
18	26	296	380	-1	1	-16
18	27	296	406	-1	1	-4
18	28	296	415	-1	1	-2
18	29	296	425	-1	1	-2
18	32	296	484	-1	1	-4
18	34	296	505	-1	-1	2
18	39	296	591	-1	-1	2
18	40	296	614	-1	1	-4
18	41	296	654	-1	-1	4
18	43	296	659	-1	-1	2
18	45	296	685	-1	-1	2
18	46	296	692	-1	1	2
18	47	296	709	-1	-1	4
18	49	296	728	-1	-1	8
18	51	296	750	-1	-1	4
18	53	296	760	-1	-1	12
18	54	296	762	-1	-1	8
18	55	296	773	-1	-1	10
18	56	296	779	-1	-1	10
18	57	296	781	-1	-1	2
18	59	296	816	-1	-1	6
18	60	296	822	-1	1	-4
18	63	296	852	-1	1	-10
18	64	296	859	-1	1	-2
18	68	296	902	-1	1	-2
18	69	296	916	-1	1	-6
19	16	308	234	1	-1	8
19	17	308	255	1	-1	-12
19	18	308	296	1	-1	-38
19	20	308	318	1	1	72
19	21	308	329	1	1	2
19	22	308	331	1	1	8
19	24	308	342	1	1	26
19	25	308	366	1	1	2
19	26	308	380	1	1	10
19	27	308	406	1	1	24
19	29	308	425	1	1	10
19	36	308	531	1	-1	-10
19	39	308	591	1	-1	-2
19	40	308	614	1	1	12
19	43	308	659	1	-1	-10
19	45	308	685	1	-1	-4
19	46	308	692	1	1	12
19	48	308	724	1	-1	-2
19	49	308	728	1	-1	-2
19	52	308	759	1	-1	-2
19	53	308	760	1	-1	-2
19	55	308	773	1	-1	-10
19	56	308	779	1	-1	-4
19	57	308	781	1	-1	-14
19	59	308	816	1	-1	-2
19	60	308	822	1	1	12
19	63	308	852	1	1	4
19	68	308	902	1	1	10
20	16	318	234	1	-1	-4
20	17	318	255	1	-1	-24
20	18	318	296	1	-1	-32
20	19	318	308	1	1	72
20	22	318	331	1	1	12
20	23	318	339	1	1	6
20	24	318	342	1	1	32
20	25	318	366	1	1	4
20	26	318	380	1	1	30
20	27	318	406	1	1	6
20	29	318	425	1	1	4
20	30	318	469	1	1	4
20	36	318	531	1	-1	-4
20	40	318	614	1	1	6
20	41	318	654	1	-1	-6
20	42	318	656	1	-1	-2
20	44	318	683	1	-1	-6
20	45	318	685	1	-1	-2
20	46	318	692	1	1	4
20	47	318	709	1	-1	-6
20	49	318	728	1	-1	-4
20	53	318	760	1	-1	-2
20	56	318	779	1	-1	-12
20	57	318	781	1	-1	-4
20	59	318	816	1	-1	-4
20	60	318	822	1	1	12
20	63	318	852	1	1	-4
20	64	318	859	1	1	4
20	68	318	902	1	1	4
20	71	318	933	1	-1	-4
20	72	318	936	1	-1	-8
21	17	329	255	1	-1	-2
21	19	329	308	1	1	2
21	23	329	339	1	1	2
21	25	329	366	1	1	2
21	28	329	415	1	1	2
21	29	329	425	1	1	4
21	53	329	760	1	-1	-4
21	57	329	781	1	-1	-2
22	16	331	234	1	-1	8
22	17	331	255	1	-1	-2
22	18	331	296	1	-1	-2
22	19	331	308	1	1	8
22	20	331	318	1	1	12
22	24	331	342	1	1	18
22	26	331	380	1	1	6
22	27	331	406	1	1	10
22	29	331	425	1	1	6
22	30	331	469	1	1	2
22	40	331	614	1	1	6
22	46	331	692	1	1	2
22	53	331	760	1	-1	-4
22	57	331	781	1	-1	-2
22	60	331	822	1	1	8
22	72	331	936	1	-1	-6
23	17	339	255	1	-1	-2
23	20	339	318	1	1	6
23	21	339	329	1	1	2
23	24	339	342	1	1	12
23	26	339	380	1	1	2
23	27	339	406	1	1	4
23	49	339	728	1	-1	-2
23	57	339	781	1	-1	-4
23	60	339	822	1	1	2
23	72	339	936	1	-1	-2
24	16	342	234	1	-1	6
24	17	342	255	1	-1	-14
24	18	342	296	1	-1	2
24	19	342	308	1	1	26
24	20	342	318	1	1	32
24	22	342	331	1	1	18
24	23	342	339	1	1	12
24	25	342	366	1	1	18
24	26	342	380	1	1	50
24	27	342	406	1	1	44
24	29	342	425	1	1	4
24	30	342	469	1	1	2
24	34	342	505	1	-1	-2
24	38	342	566	1	-1	-2
24	43	342	659	1	-1	-8
24	44	342	683	1	-1	-6
24	45	342	685	1	-1	-6
24	46	342	692	1	1	2
24	47	342	709	1	-1	-4
24	55	342	773	1	-1	-2
24	57	342	781	1	-1	-10
24	60	342	822	1	1	6
24	68	342	902	1	1	6
24	69	342	916	1	1	2
24	72	342	936	1	-1	-22
24	74	342	945	1	-1	-2
25	17	366	255	1	-1	-2
25	19	366	308	1	1	2
25	20	366	318	1	1	4
25	21	366	329	1	1	2
25	24	366	342	1	1	18
25	26	366	380	1	1	4
25	27	366	406	1	1	8
25	29	366	425	1	1	4
25	34	366	505	1	-1	-4
25	36	366	531	1	-1	-2
25	55	366	773	1	-1	-2
25	60	366	822	1	1	6
26	17	380	255	1	-1	-8
26	18	380	296	1	-1	-16
26	19	380	308	1	1	10
26	20	380	318	1	1	30
26	22	380	331	1	1	6
26	23	380	339	1	1	2
26	24	380	342	1	1	50
26	25	380	366	1	1	4
26	27	380	406	1	1	42
26	29	380	425	1	1	14
26	36	380	531	1	-1	-2
26	38	380	566	1	-1	-4
26	39	380	591	1	-1	-2
26	40	380	614	1	1	6
26	41	380	654	1	-1	-2
26	43	380	659	1	-1	-4
26	45	380	685	1	-1	-4
26	46	380	692	1	1	6
26	47	380	709	1	-1	-2
26	49	380	728	1	-1	-12
26	51	380	750	1	-1	-2
26	55	380	773	1	-1	-2
26	56	380	779	1	-1	-2
26	57	380	781	1	-1	-6
26	60	380	822	1	1	2
26	64	380	859	1	1	2
26	68	380	902	1	1	10
26	72	380	936	1	-1	-2
26	74	380	945	1	-1	-8
27	16	406	234	1	-1	-2
27	17	406	255	1	-1	-4
27	18	406	296	1	-1	-4
27	19	406	308	1	1	24
27	20	406	318	1	1	6
27	22	406	331	1	1	10
27	23	406	339	1	1	4
27	24	406	342	1	1	44
27	25	406	366	1	1	8
27	26	406	380	1	1	42
27	28	406	415	1	1	2
27	29	406	425	1	1	6
27	32	406	484	1	1	4
27	34	406	505	1	-1	-4
27	38	406	566	1	-1	-12
27	40	406	614	1	1	2
27	44	406	683	1	-1	-2
27	45	406	685	1	-1	-8
27	46	406	692	1	1	2
27	49	406	728	1	-1	-6
27	52	406	759	1	-1	-4
27	56	406	779	1	-1	-2
27	57	406	781	1	-1	-2
27	60	406	822	1	1	2
27	68	406	902	1	1	4
28	18	415	296	1	-1	-2
28	21	415	329	1	1	2
28	27	415	406	1	1	2
28	29	415	425	1	1	2
28	32	415	484	1	1	2
28	44	415	683	1	-1	-2
28	47	415	709	1	-1	-6
28	56	415	779	1	-1	-8
29	18	425	296	1	-1	-2
29	19	425	308	1	1	10
29	20	425	318	1	1	4
29	21	425	329	1	1	4
29	22	425	331	1	1	6
29	24	425	342	1	1	4
29	25	425	366	1	1	4
29	26	425	380	1	1	14
29	27	425	406	1	1	6
29	28	425	415	1	1	2
29	31	425	477	1	1	2
29	38	425	566	1	-1	-6
29	40	425	614	1	1	2
29	41	425	654	1	-1	-2
29	47	425	709	1	-1	-4
29	60	425	822	1	1	2
29	63	425	852	1	1	8
30	20	469	318	1	1	4
30	22	469	331	1	1	2
30	24	469	342	1	1	2
30	31	469	477	1	1	2
30	33	469	490	1	-1	-6
30	35	469	521	1	-1	-4
30	36	469	531	1	-1	-8
30	37	469	537	1	-1	-4
30	38	469	566	1	-1	-8
30	40	469	614	1	1	2
30	43	469	659	1	-1	-10
30	44	469	683	1	-1	-6
30	46	469	692	1	1	4
30	51	469	750	1	-1	-4
30	57	469	781	1	-1	-4
30	66	469	882	1	1	2
30	68	469	902	1	1	2
30	69	469	916	1	1	4
30	75	469	1000	1	-1	-2
30	76	469	1005	1	-1	-4
30	77	469	1047	1	-1	-2
31	29	477	425	1	1	2
31	30	477	469	1	1	2
31	33	477	490	1	-1	-2
31	41	477	654	1	-1	-2
31	58	477	806	1	1	4
31	60	477	822	1	1	2
32	18	484	296	1	-1	-4
32	27	484	406	1	1	4
32	28	484	415	1	1	2
32	34	484	505	1	-1	-2
32	35	484	521	1	-1	-2
32	36	484	531	1	-1	-12
32	40	484	614	1	1	8
32	57	484	781	1	-1	-4
32	60	484	822	1	1	2
32	72	484	936	1	-1	-2
32	78	484	1069	1	-1	-2
33	30	490	469	-1	1	-6
33	31	490	477	-1	1	-2
33	37	490	537	-1	-1	4
33	38	490	566	-1	-1	2
33	40	490	614	-1	1	-6
33	77	490	1047	-1	-1	2
33	78	490	1069	-1	-1	2
34	18	505	296	-1	-1	2
34	24	505	342	-1	1	-2
34	25	505	366	-1	1	-4
34	27	505	406	-1	1	-4
34	32	505	484	-1	1	-2
34	36	505	531	-1	-1	4
34	38	505	566	-1	-1	6
34	39	505	591	-1	-1	2
34	40	505	614	-1	1	-4
34	45	505	685	-1	-1	2
34	46	505	692	-1	1	-2
34	60	505	822	-1	1	-2
34	71	505	933	-1	-1	4
34	75	505	1000	-1	-1	2
35	30	521	469	-1	1	-4
35	32	521	484	-1	1	-2
35	36	521	531	-1	-1	4
35	39	521	591	-1	-1	2
35	40	521	614	-1	1	-2
35	41	521	654	-1	-1	10
35	43	521	659	-1	-1	2
35	45	521	685	-1	-1	6
35	46	521	692	-1	1	-2
35	51	521	750	-1	-1	2
35	55	521	773	-1	-1	2
35	63	521	852	-1	1	-2
36	16	531	234	-1	-1	-8
36	19	531	308	-1	1	-10
36	20	531	318	-1	1	-4
36	25	531	366	-1	1	-2
36	26	531	380	-1	1	-2
36	30	531	469	-1	1	-8
36	32	531	484	-1	1	-12
36	34	531	505	-1	-1	4
36	35	531	521	-1	-1	4
36	37	531	537	-1	-1	4
36	38	531	566	-1	-1	4
36	39	531	591	-1	-1	4
36	40	531	614	-1	1	-24
36	41	531	654	-1	-1	2
36	42	531	656	-1	-1	2
36	51	531	750	-1	-1	2
36	55	531	773	-1	-1	2
36	57	531	781	-1	-1	8
36	60	531	822	-1	1	-2
36	68	531	902	-1	1	-8
36	71	531	933	-1	-1	12
36	79	531	1078	-1	1	-6
36	80	531	1084	-1	1	-2
37	30	537	469	-1	1	-4
37	33	537	490	-1	-1	4
37	36	537	531	-1	-1	4
37	39	537	591	-1	-1	4
37	40	537	614	-1	1	-4
37	43	537	659	-1	-1	2
37	60	537	822	-1	1	-2
38	17	566	255	-1	-1	2
38	24	566	342	-1	1	-2
38	26	566	380	-1	1	-4
38	27	566	406	-1	1	-12
38	29	566	425	-1	1	-6
38	30	566	469	-1	1	-8
38	33	566	490	-1	-1	2
38	34	566	505	-1	-1	6
38	36	566	531	-1	-1	4
38	39	566	591	-1	-1	2
38	40	566	614	-1	1	-14
38	41	566	654	-1	-1	4
38	42	566	656	-1	-1	2
38	43	566	659	-1	-1	2
38	45	566	685	-1	-1	2
38	46	566	692	-1	1	-2
38	50	566	736	-1	-1	2
38	53	566	760	-1	-1	4
38	64	566	859	-1	1	-2
38	68	566	902	-1	1	-2
39	18	591	296	-1	-1	2
39	19	591	308	-1	1	-2
39	26	591	380	-1	1	-2
39	34	591	505	-1	-1	2
39	35	591	521	-1	-1	2
39	36	591	531	-1	-1	4
39	37	591	537	-1	-1	4
39	38	591	566	-1	-1	2
39	40	591	614	-1	1	2
39	41	591	654	-1	-1	2
39	43	591	659	-1	-1	4
39	46	591	692	-1	1	-8
39	47	591	709	-1	-1	2
39	56	591	779	-1	-1	2
39	63	591	852	-1	1	-2
39	74	591	945	-1	-1	2
39	80	591	1084	-1	1	2
40	17	614	255	1	-1	-2
40	18	614	296	1	-1	-4
40	19	614	308	1	1	12
40	20	614	318	1	1	6
40	22	614	331	1	1	6
40	26	614	380	1	1	6
40	27	614	406	1	1	2
40	29	614	425	1	1	2
40	30	614	469	1	1	2
40	32	614	484	1	1	8
40	33	614	490	1	-1	-6
40	34	614	505	1	-1	-4
40	35	614	521	1	-1	-2
40	36	614	531	1	-1	-24
40	37	614	537	1	-1	-4
40	38	614	566	1	-1	-14
40	39	614	591	1	-1	2
40	41	614	654	1	-1	-28
40	43	614	659	1	-1	-28
40	44	614	683	1	-1	-12
40	45	614	685	1	-1	-2
40	47	614	709	1	-1	-2
40	50	614	736	1	-1	-2
40	52	614	759	1	-1	-2
40	56	614	779	1	-1	2
40	57	614	781	1	-1	-6
40	60	614	822	1	1	6
40	64	614	859	1	1	6
40	66	614	882	1	1	2
40	68	614	902	1	1	14
40	72	614	936	1	-1	-6
40	74	614	945	1	-1	-10
40	75	614	1000	1	-1	-4
40	77	614	1047	1	-1	-2
40	78	614	1069	1	-1	-6
40	80	614	1084	1	1	2
40	82	614	1094	1	1	2
41	18	654	296	-1	-1	4
41	20	654	318	-1	1	-6
41	26	654	380	-1	1	-2
41	29	654	425	-1	1	-2
41	31	654	477	-1	1	-2
41	35	654	521	-1	-1	10
41	36	654	531	-1	-1	2
41	38	654	566	-1	-1	4
41	39	654	591	-1	-1	2
41	40	654	614	-1	1	-28
41	42	654	656	-1	-1	8
41	43	654	659	-1	-1	28
41	44	654	683	-1	-1	26
41	45	654	685	-1	-1	6
41	46	654	692	-1	1	-10
41	47	654	709	-1	-1	8
41	49	654	728	-1	-1	2
41	50	654	736	-1	-1	2
41	51	654	750	-1	-1	2
41	53	654	760	-1	-1	4
41	55	654	773	-1	-1	6
41	56	654	779	-1	-1	4
41	57	654	781	-1	-1	6
41	59	654	816	-1	-1	4
41	62	654	838	-1	1	-2
41	63	654	852	-1	1	-2
41	71	654	933	-1	-1	2
41	72	654	936	-1	-1	4
41	74	654	945	-1	-1	8
41	76	654	1005	-1	-1	2
41	78	654	1069	-1	-1	2
41	80	654	1084	-1	1	-8
41	81	654	1091	-1	1	2
41	82	654	1094	-1	1	-2
41	83	654	1105	-1	-1	2
42	20	656	318	-1	1	-2
42	36	656	531	-1	-1	2
42	38	656	566	-1	-1	2
42	41	656	654	-1	-1	8
42	43	656	659	-1	-1	16
42	44	656	683	-1	-1	14
42	45	656	685	-1	-1	2
42	46	656	692	-1	1	-2
42	50	656	736	-1	-1	2
42	53	656	760	-1	-1	2
42	54	656	762	-1	-1	4
42	55	656	773	-1	-1	4
42	57	656	781	-1	-1	4
42	60	656	822	-1	1	-2
42	72	656	936	-1	-1	2
42	73	656	940	-1	-1	2
43	17	659	255	-1	-1	2
43	18	659	296	-1	-1	2
43	19	659	308	-1	1	-10
43	24	659	342	-1	1	-8
43	26	659	380	-1	1	-4
43	30	659	469	-1	1	-10
43	35	659	521	-1	-1	2
43	37	659	537	-1	-1	2
43	38	659	566	-1	-1	2
43	39	659	591	-1	-1	4
43	40	659	614	-1	1	-28
43	41	659	654	-1	-1	28
43	42	659	656	-1	-1	16
43	44	659	683	-1	-1	24
43	45	659	685	-1	-1	12
43	46	659	692	-1	1	-20
43	47	659	709	-1	-1	2
43	49	659	728	-1	-1	8
43	50	659	736	-1	-1	4
43	52	659	759	-1	-1	2
43	53	659	760	-1	-1	10
43	54	659	762	-1	-1	2
43	55	659	773	-1	-1	14
43	56	659	779	-1	-1	6
43	57	659	781	-1	-1	22
43	58	659	806	-1	1	-2
43	60	659	822	-1	1	-16
43	63	659	852	-1	1	-2
43	64	659	859	-1	1	-2
43	68	659	902	-1	1	-6
43	72	659	936	-1	-1	4
43	73	659	940	-1	-1	2
43	74	659	945	-1	-1	6
43	80	659	1084	-1	1	-10
43	82	659	1094	-1	1	-8
44	17	683	255	-1	-1	4
44	20	683	318	-1	1	-6
44	24	683	342	-1	1	-6
44	27	683	406	-1	1	-2
44	28	683	415	-1	1	-2
44	30	683	469	-1	1	-6
44	40	683	614	-1	1	-12
44	41	683	654	-1	-1	26
44	42	683	656	-1	-1	14
44	43	683	659	-1	-1	24
44	45	683	685	-1	-1	52
44	46	683	692	-1	1	-52
44	47	683	709	-1	-1	6
44	48	683	724	-1	-1	2
44	49	683	728	-1	-1	16
44	50	683	736	-1	-1	2
44	51	683	750	-1	-1	10
44	52	683	759	-1	-1	10
44	53	683	760	-1	-1	8
44	54	683	762	-1	-1	6
44	55	683	773	-1	-1	26
44	56	683	779	-1	-1	18
44	57	683	781	-1	-1	26
44	59	683	816	-1	-1	2
44	60	683	822	-1	1	-12
44	63	683	852	-1	1	-4
44	65	683	866	-1	1	-2
44	66	683	882	-1	1	-8
44	68	683	902	-1	1	-28
44	69	683	916	-1	1	-2
44	70	683	928	-1	-1	2
44	71	683	933	-1	-1	2
44	72	683	936	-1	-1	14
44	75	683	1000	-1	-1	2
44	82	683	1094	-1	1	-2
45	18	685	296	-1	-1	2
45	19	685	308	-1	1	-4
45	20	685	318	-1	1	-2
45	24	685	342	-1	1	-6
45	26	685	380	-1	1	-4
45	27	685	406	-1	1	-8
45	34	685	505	-1	-1	2
45	35	685	521	-1	-1	6
45	38	685	566	-1	-1	2
45	40	685	614	-1	1	-2
45	41	685	654	-1	-1	6
45	42	685	656	-1	-1	2
45	43	685	659	-1	-1	12
45	44	685	683	-1	-1	52
45	46	685	692	-1	1	-112
45	47	685	709	-1	-1	42
45	48	685	724	-1	-1	2
45	49	685	728	-1	-1	24
45	50	685	736	-1	-1	8
45	51	685	750	-1	-1	10
45	52	685	759	-1	-1	6
45	53	685	760	-1	-1	16
45	54	685	762	-1	-1	4
45	55	685	773	-1	-1	20
45	56	685	779	-1	-1	10
45	57	685	781	-1	-1	16
45	59	685	816	-1	-1	2
45	60	685	822	-1	1	-22
45	62	685	838	-1	1	-4
45	63	685	852	-1	1	-18
45	64	685	859	-1	1	-2
45	65	685	866	-1	1	-2
45	66	685	882	-1	1	-2
45	68	685	902	-1	1	-6
45	69	685	916	-1	1	-6
45	72	685	936	-1	-1	12
45	73	685	940	-1	-1	2
45	74	685	945	-1	-1	2
45	75	685	1000	-1	-1	2
45	77	685	1047	-1	-1	2
45	82	685	1094	-1	1	-2
46	17	692	255	1	-1	-10
46	18	692	296	1	-1	2
46	19	692	308	1	1	12
46	20	692	318	1	1	4
46	22	692	331	1	1	2
46	24	692	342	1	1	2
46	26	692	380	1	1	6
46	27	692	406	1	1	2
46	30	692	469	1	1	4
46	34	692	505	1	-1	-2
46	35	692	521	1	-1	-2
46	38	692	566	1	-1	-2
46	39	692	591	1	-1	-8
46	41	692	654	1	-1	-10
46	42	692	656	1	-1	-2
46	43	692	659	1	-1	-20
46	44	692	683	1	-1	-52
46	45	692	685	1	-1	-112
46	47	692	709	1	-1	-44
46	49	692	728	1	-1	-42
46	50	692	736	1	-1	-24
46	51	692	750	1	-1	-12
46	52	692	759	1	-1	-36
46	53	692	760	1	-1	-48
46	54	692	762	1	-1	-2
46	55	692	773	1	-1	-26
46	56	692	779	1	-1	-14
46	57	692	781	1	-1	-26
46	59	692	816	1	-1	-2
46	60	692	822	1	1	38
46	63	692	852	1	1	18
46	64	692	859	1	1	4
46	66	692	882	1	1	2
46	68	692	902	1	1	26
46	69	692	916	1	1	4
46	71	692	933	1	-1	-6
46	72	692	936	1	-1	-8
46	73	692	940	1	-1	-8
46	75	692	1000	1	-1	-2
46	78	692	1069	1	-1	-2
46	83	692	1105	1	-1	-4
47	17	709	255	-1	-1	2
47	18	709	296	-1	-1	4
47	20	709	318	-1	1	-6
47	24	709	342	-1	1	-4
47	26	709	380	-1	1	-2
47	28	709	415	-1	1	-6
47	29	709	425	-1	1	-4
47	39	709	591	-1	-1	2
47	40	709	614	-1	1	-2
47	41	709	654	-1	-1	8
47	43	709	659	-1	-1	2
47	44	709	683	-1	-1	6
47	45	709	685	-1	-1	42
47	46	709	692	-1	1	-44
47	48	709	724	-1	-1	2
47	49	709	728	-1	-1	36
47	50	709	736	-1	-1	22
47	51	709	750	-1	-1	12
47	52	709	759	-1	-1	4
47	53	709	760	-1	-1	24
47	54	709	762	-1	-1	10
47	55	709	773	-1	-1	12
47	56	709	779	-1	-1	8
47	57	709	781	-1	-1	24
47	60	709	822	-1	1	-24
47	63	709	852	-1	1	-4
47	64	709	859	-1	1	-2
47	66	709	882	-1	1	-2
47	68	709	902	-1	1	-12
47	69	709	916	-1	1	-4
47	72	709	936	-1	-1	-2
47	74	709	945	-1	-1	8
47	78	709	1069	-1	-1	8
47	80	709	1084	-1	1	-4
48	19	724	308	-1	1	-2
48	44	724	683	-1	-1	2
48	45	724	685	-1	-1	2
48	47	724	709	-1	-1	2
48	49	724	728	-1	-1	6
48	50	724	736	-1	-1	4
48	55	724	773	-1	-1	2
48	68	724	902	-1	1	-2
48	69	724	916	-1	1	-2
49	16	728	234	-1	-1	2
49	17	728	255	-1	-1	2
49	18	728	296	-1	-1	8
49	19	728	308	-1	1	-2
49	20	728	318	-1	1	-4
49	23	728	339	-1	1	-2
49	26	728	380	-1	1	-12
49	27	728	406	-1	1	-6
49	41	728	654	-1	-1	2
49	43	728	659	-1	-1	8
49	44	728	683	-1	-1	16
49	45	728	685	-1	-1	24
49	46	728	692	-1	1	-42
49	47	728	709	-1	-1	36
49	48	728	724	-1	-1	6
49	50	728	736	-1	-1	26
49	51	728	750	-1	-1	24
49	52	728	759	-1	-1	12
49	53	728	760	-1	-1	30
49	54	728	762	-1	-1	6
49	55	728	773	-1	-1	32
49	56	728	779	-1	-1	30
49	57	728	781	-1	-1	40
49	59	728	816	-1	-1	16
49	60	728	822	-1	1	-16
49	63	728	852	-1	1	-10
49	64	728	859	-1	1	-2
49	65	728	866	-1	1	-4
49	68	728	902	-1	1	-16
49	69	728	916	-1	1	-8
49	72	728	936	-1	-1	6
49	74	728	945	-1	-1	4
49	82	728	1094	-1	1	-2
49	87	728	1217	-1	1	-4
50	17	736	255	-1	-1	6
50	38	736	566	-1	-1	2
50	40	736	614	-1	1	-2
50	41	736	654	-1	-1	2
50	42	736	656	-1	-1	2
50	43	736	659	-1	-1	4
50	44	736	683	-1	-1	2
50	45	736	685	-1	-1	8
50	46	736	692	-1	1	-24
50	47	736	709	-1	-1	22
50	48	736	724	-1	-1	4
50	49	736	728	-1	-1	26
50	51	736	750	-1	-1	28
50	52	736	759	-1	-1	10
50	53	736	760	-1	-1	14
50	54	736	762	-1	-1	2
50	55	736	773	-1	-1	12
50	57	736	781	-1	-1	26
50	59	736	816	-1	-1	2
50	60	736	822	-1	1	-8
50	63	736	852	-1	1	-4
50	66	736	882	-1	1	-2
50	68	736	902	-1	1	-6
50	69	736	916	-1	1	-4
50	72	736	936	-1	-1	12
50	74	736	945	-1	-1	4
51	17	750	255	-1	-1	4
51	18	750	296	-1	-1	4
51	26	750	380	-1	1	-2
51	30	750	469	-1	1	-4
51	35	750	521	-1	-1	2
51	36	750	531	-1	-1	2
51	41	750	654	-1	-1	2
51	44	750	683	-1	-1	10
51	45	750	685	-1	-1	10
51	46	750	692	-1	1	-12
51	47	750	709	-1	-1	12
51	49	750	728	-1	-1	24
51	50	750	736	-1	-1	28
51	52	750	759	-1	-1	14
51	53	750	760	-1	-1	8
51	54	750	762	-1	-1	6
51	55	750	773	-1	-1	32
51	56	750	779	-1	-1	12
51	57	750	781	-1	-1	20
51	60	750	822	-1	1	-16
51	63	750	852	-1	1	-4
51	64	750	859	-1	1	-6
51	67	750	893	-1	1	-2
51	68	750	902	-1	1	-14
51	69	750	916	-1	1	-4
51	71	750	933	-1	-1	6
51	72	750	936	-1	-1	8
51	73	750	940	-1	-1	8
51	74	750	945	-1	-1	4
51	75	750	1000	-1	-1	4
51	86	750	1210	-1	1	-2
51	88	750	1245	-1	1	-4
52	17	759	255	-1	-1	2
52	19	759	308	-1	1	-2
52	27	759	406	-1	1	-4
52	40	759	614	-1	1	-2
52	43	759	659	-1	-1	2
52	44	759	683	-1	-1	10
52	45	759	685	-1	-1	6
52	46	759	692	-1	1	-36
52	47	759	709	-1	-1	4
52	49	759	728	-1	-1	12
52	50	759	736	-1	-1	10
52	51	759	750	-1	-1	14
52	53	759	760	-1	-1	20
52	55	759	773	-1	-1	18
52	56	759	779	-1	-1	6
52	57	759	781	-1	-1	28
52	58	759	806	-1	1	-2
52	59	759	816	-1	-1	4
52	60	759	822	-1	1	-20
52	62	759	838	-1	1	-2
52	64	759	859	-1	1	-4
52	69	759	916	-1	1	-2
52	71	759	933	-1	-1	2
52	72	759	936	-1	-1	4
52	74	759	945	-1	-1	2
52	89	759	1254	-1	1	-2
52	93	759	1319	-1	1	-2
53	16	760	234	-1	-1	-2
53	17	760	255	-1	-1	6
53	18	760	296	-1	-1	12
53	19	760	308	-1	1	-2
53	20	760	318	-1	1	-2
53	21	760	329	-1	1	-4
53	22	760	331	-1	1	-4
53	38	760	566	-1	-1	4
53	41	760	654	-1	-1	4
53	42	760	656	-1	-1	2
53	43	760	659	-1	-1	10
53	44	760	683	-1	-1	8
53	45	760	685	-1	-1	16
53	46	760	692	-1	1	-48
53	47	760	709	-1	-1	24
53	49	760	728	-1	-1	30
53	50	760	736	-1	-1	14
53	51	760	750	-1	-1	8
53	52	760	759	-1	-1	20
53	54	760	762	-1	-1	6
53	55	760	773	-1	-1	52
53	56	760	779	-1	-1	36
53	57	760	781	-1	-1	44
53	59	760	816	-1	-1	8
53	60	760	822	-1	1	-42
53	63	760	852	-1	1	-10
53	66	760	882	-1	1	-2
53	68	760	902	-1	1	-14
53	71	760	933	-1	-1	4
53	72	760	936	-1	-1	28
53	74	760	945	-1	-1	8
53	80	760	1084	-1	1	2
53	83	760	1105	-1	-1	4
53	87	760	1217	-1	1	-2
53	89	760	1254	-1	1	-2
54	17	762	255	-1	-1	4
54	18	762	296	-1	-1	8
54	42	762	656	-1	-1	4
54	43	762	659	-1	-1	2
54	44	762	683	-1	-1	6
54	45	762	685	-1	-1	4
54	46	762	692	-1	1	-2
54	47	762	709	-1	-1	10
54	49	762	728	-1	-1	6
54	50	762	736	-1	-1	2
54	51	762	750	-1	-1	6
54	53	762	760	-1	-1	6
54	55	762	773	-1	-1	12
54	56	762	779	-1	-1	12
54	57	762	781	-1	-1	18
54	60	762	822	-1	1	-10
54	63	762	852	-1	1	-2
54	68	762	902	-1	1	-8
54	69	762	916	-1	1	-2
54	72	762	936	-1	-1	2
54	73	762	940	-1	-1	4
54	74	762	945	-1	-1	2
55	16	773	234	-1	-1	-8
55	17	773	255	-1	-1	2
55	18	773	296	-1	-1	10
55	19	773	308	-1	1	-10
55	24	773	342	-1	1	-2
55	25	773	366	-1	1	-2
55	26	773	380	-1	1	-2
55	35	773	521	-1	-1	2
55	36	773	531	-1	-1	2
55	41	773	654	-1	-1	6
55	42	773	656	-1	-1	4
55	43	773	659	-1	-1	14
55	44	773	683	-1	-1	26
55	45	773	685	-1	-1	20
55	46	773	692	-1	1	-26
55	47	773	709	-1	-1	12
55	48	773	724	-1	-1	2
55	49	773	728	-1	-1	32
55	50	773	736	-1	-1	12
55	51	773	750	-1	-1	32
55	52	773	759	-1	-1	18
55	53	773	760	-1	-1	52
55	54	773	762	-1	-1	12
55	56	773	779	-1	-1	96
55	57	773	781	-1	-1	132
55	58	773	806	-1	1	-8
55	59	773	816	-1	-1	10
55	60	773	822	-1	1	-52
55	63	773	852	-1	1	-12
55	65	773	866	-1	1	-2
55	66	773	882	-1	1	-4
55	68	773	902	-1	1	-22
55	69	773	916	-1	1	-8
55	71	773	933	-1	-1	16
55	72	773	936	-1	-1	28
55	73	773	940	-1	-1	6
55	74	773	945	-1	-1	8
55	78	773	1069	-1	-1	4
55	80	773	1084	-1	1	2
55	92	773	1311	-1	1	-4
55	94	773	1344	-1	1	-16
56	16	779	234	-1	-1	-2
56	17	779	255	-1	-1	4
56	18	779	296	-1	-1	10
56	19	779	308	-1	1	-4
56	20	779	318	-1	1	-12
56	26	779	380	-1	1	-2
56	27	779	406	-1	1	-2
56	28	779	415	-1	1	-8
56	39	779	591	-1	-1	2
56	40	779	614	-1	1	2
56	41	779	654	-1	-1	4
56	43	779	659	-1	-1	6
56	44	779	683	-1	-1	18
56	45	779	685	-1	-1	10
56	46	779	692	-1	1	-14
56	47	779	709	-1	-1	8
56	49	779	728	-1	-1	30
56	51	779	750	-1	-1	12
56	52	779	759	-1	-1	6
56	53	779	760	-1	-1	36
56	54	779	762	-1	-1	12
56	55	779	773	-1	-1	96
56	57	779	781	-1	-1	130
56	58	779	806	-1	1	-4
56	59	779	816	-1	-1	2
56	60	779	822	-1	1	-44
56	63	779	852	-1	1	-20
56	64	779	859	-1	1	-2
56	65	779	866	-1	1	-6
56	66	779	882	-1	1	-2
56	68	779	902	-1	1	-10
56	69	779	916	-1	1	-10
56	72	779	936	-1	-1	30
56	73	779	940	-1	-1	2
56	74	779	945	-1	-1	12
56	80	779	1084	-1	1	-2
56	82	779	1094	-1	1	-2
56	93	779	1319	-1	1	-2
56	94	779	1344	-1	1	-4
57	16	781	234	-1	-1	20
57	17	781	255	-1	-1	10
57	18	781	296	-1	-1	2
57	19	781	308	-1	1	-14
57	20	781	318	-1	1	-4
57	21	781	329	-1	1	-2
57	22	781	331	-1	1	-2
57	23	781	339	-1	1	-4
57	24	781	342	-1	1	-10
57	26	781	380	-1	1	-6
57	27	781	406	-1	1	-2
57	30	781	469	-1	1	-4
57	32	781	484	-1	1	-4
57	36	781	531	-1	-1	8
57	40	781	614	-1	1	-6
57	41	781	654	-1	-1	6
57	42	781	656	-1	-1	4
57	43	781	659	-1	-1	22
57	44	781	683	-1	-1	26
57	45	781	685	-1	-1	16
57	46	781	692	-1	1	-26
57	47	781	709	-1	-1	24
57	49	781	728	-1	-1	40
57	50	781	736	-1	-1	26
57	51	781	750	-1	-1	20
57	52	781	759	-1	-1	28
57	53	781	760	-1	-1	44
57	54	781	762	-1	-1	18
57	55	781	773	-1	-1	132
57	56	781	779	-1	-1	130
57	58	781	806	-1	1	-12
57	59	781	816	-1	-1	18
57	60	781	822	-1	1	-138
57	61	781	833	-1	1	-2
57	62	781	838	-1	1	-4
57	63	781	852	-1	1	-46
57	64	781	859	-1	1	-10
57	65	781	866	-1	1	-2
57	66	781	882	-1	1	-4
57	68	781	902	-1	1	-54
57	69	781	916	-1	1	-8
57	71	781	933	-1	-1	40
57	72	781	936	-1	-1	22
57	73	781	940	-1	-1	10
57	74	781	945	-1	-1	6
57	75	781	1000	-1	-1	2
57	76	781	1005	-1	-1	4
57	78	781	1069	-1	-1	2
57	80	781	1084	-1	1	-4
57	82	781	1094	-1	1	-6
57	86	781	1210	-1	1	-6
57	88	781	1245	-1	1	-2
57	89	781	1254	-1	1	-6
57	93	781	1319	-1	1	-4
57	94	781	1344	-1	1	-46
58	31	806	477	1	1	4
58	43	806	659	1	-1	-2
58	52	806	759	1	-1	-2
58	55	806	773	1	-1	-8
58	56	806	779	1	-1	-4
58	57	806	781	1	-1	-12
58	60	806	822	1	1	14
58	62	806	838	1	1	2
58	68	806	902	1	1	8
58	72	806	936	1	-1	-4
59	17	816	255	-1	-1	4
59	18	816	296	-1	-1	6
59	19	816	308	-1	1	-2
59	20	816	318	-1	1	-4
59	41	816	654	-1	-1	4
59	44	816	683	-1	-1	2
59	45	816	685	-1	-1	2
59	46	816	692	-1	1	-2
59	49	816	728	-1	-1	16
59	50	816	736	-1	-1	2
59	52	816	759	-1	-1	4
59	53	816	760	-1	-1	8
59	55	816	773	-1	-1	10
59	56	816	779	-1	-1	2
59	57	816	781	-1	-1	18
59	60	816	822	-1	1	-78
59	63	816	852	-1	1	-8
59	64	816	859	-1	1	-4
59	65	816	866	-1	1	-6
59	68	816	902	-1	1	-32
59	69	816	916	-1	1	-2
59	71	816	933	-1	-1	2
59	72	816	936	-1	-1	20
59	73	816	940	-1	-1	4
59	89	816	1254	-1	1	-2
59	93	816	1319	-1	1	-4
59	94	816	1344	-1	1	-20
60	16	822	234	1	-1	20
60	17	822	255	1	-1	-14
60	18	822	296	1	-1	-4
60	19	822	308	1	1	12
60	20	822	318	1	1	12
60	22	822	331	1	1	8
60	23	822	339	1	1	2
60	24	822	342	1	1	6
60	25	822	366	1	1	6
60	26	822	380	1	1	2
60	27	822	406	1	1	2
60	29	822	425	1	1	2
60	31	822	477	1	1	2
60	32	822	484	1	1	2
60	34	822	505	1	-1	-2
60	36	822	531	1	-1	-2
60	37	822	537	1	-1	-2
60	40	822	614	1	1	6
60	42	822	656	1	-1	-2
60	43	822	659	1	-1	-16
60	44	822	683	1	-1	-12
60	45	822	685	1	-1	-22
60	46	822	692	1	1	38
60	47	822	709	1	-1	-24
60	49	822	728	1	-1	-16
60	50	822	736	1	-1	-8
60	51	822	750	1	-1	-16
60	52	822	759	1	-1	-20
60	53	822	760	1	-1	-42
60	54	822	762	1	-1	-10
60	55	822	773	1	-1	-52
60	56	822	779	1	-1	-44
60	57	822	781	1	-1	-138
60	58	822	806	1	1	14
60	59	822	816	1	-1	-78
60	61	822	833	1	1	4
60	62	822	838	1	1	14
60	63	822	852	1	1	94
60	64	822	859	1	1	44
60	65	822	866	1	1	10
60	66	822	882	1	1	14
60	67	822	893	1	1	2
60	68	822	902	1	1	98
60	69	822	916	1	1	16
60	71	822	933	1	-1	-16
60	72	822	936	1	-1	-42
60	73	822	940	1	-1	-30
60	74	822	945	1	-1	-52
60	75	822	1000	1	-1	2
60	76	822	1005	1	-1	-8
60	78	822	1069	1	-1	-4
60	80	822	1084	1	1	4
60	82	822	1094	1	1	4
60	88	822	1245	1	1	2
60	93	822	1319	1	1	2
60	94	822	1344	1	1	20
60	95	822	1365	1	-1	-2
60	96	822	1378	1	-1	-2
60	97	822	1389	1	1	2
61	57	833	781	1	-1	-2
61	60	833	822	1	1	4
61	63	833	852	1	1	4
61	68	833	902	1	1	4
62	16	838	234	1	-1	2
62	41	838	654	1	-1	-2
62	45	838	685	1	-1	-4
62	52	838	759	1	-1	-2
62	57	838	781	1	-1	-4
62	58	838	806	1	1	2
62	60	838	822	1	1	14
62	63	838	852	1	1	12
62	65	838	866	1	1	4
62	67	838	893	1	1	2
62	68	838	902	1	1	6
62	74	838	945	1	-1	-2
62	82	838	1094	1	1	-4
63	16	852	234	1	-1	-12
63	17	852	255	1	-1	-4
63	18	852	296	1	-1	-10
63	19	852	308	1	1	4
63	20	852	318	1	1	-4
63	29	852	425	1	1	8
63	35	852	521	1	-1	-2
63	39	852	591	1	-1	-2
63	41	852	654	1	-1	-2
63	43	852	659	1	-1	-2
63	44	852	683	1	-1	-4
63	45	852	685	1	-1	-18
63	46	852	692	1	1	18
63	47	852	709	1	-1	-4
63	49	852	728	1	-1	-10
63	50	852	736	1	-1	-4
63	51	852	750	1	-1	-4
63	53	852	760	1	-1	-10
63	54	852	762	1	-1	-2
63	55	852	773	1	-1	-12
63	56	852	779	1	-1	-20
63	57	852	781	1	-1	-46
63	59	852	816	1	-1	-8
63	60	852	822	1	1	94
63	61	852	833	1	1	4
63	62	852	838	1	1	12
63	64	852	859	1	1	32
63	65	852	866	1	1	2
63	66	852	882	1	1	12
63	68	852	902	1	1	52
63	69	852	916	1	1	32
63	71	852	933	1	-1	-14
63	72	852	936	1	-1	-54
63	74	852	945	1	-1	-8
63	75	852	1000	1	-1	-4
63	79	852	1078	1	1	2
63	80	852	1084	1	1	2
63	82	852	1094	1	1	6
63	94	852	1344	1	1	14
63	97	852	1389	1	1	2
63	98	852	1395	1	1	2
63	100	852	1408	1	1	2
63	101	852	1409	1	1	2
64	18	859	296	1	-1	-2
64	20	859	318	1	1	4
64	26	859	380	1	1	2
64	38	859	566	1	-1	-2
64	40	859	614	1	1	6
64	43	859	659	1	-1	-2
64	45	859	685	1	-1	-2
64	46	859	692	1	1	4
64	47	859	709	1	-1	-2
64	49	859	728	1	-1	-2
64	51	859	750	1	-1	-6
64	52	859	759	1	-1	-4
64	56	859	779	1	-1	-2
64	57	859	781	1	-1	-10
64	59	859	816	1	-1	-4
64	60	859	822	1	1	44
64	63	859	852	1	1	32
64	65	859	866	1	1	6
64	66	859	882	1	1	2
64	68	859	902	1	1	32
64	71	859	933	1	-1	-14
64	72	859	936	1	-1	-12
64	73	859	940	1	-1	-2
64	74	859	945	1	-1	-2
64	75	859	1000	1	-1	-6
64	76	859	1005	1	-1	-2
64	84	859	1112	1	-1	-2
64	94	859	1344	1	1	8
64	98	859	1395	1	1	4
65	44	866	683	1	-1	-2
65	45	866	685	1	-1	-2
65	49	866	728	1	-1	-4
65	55	866	773	1	-1	-2
65	56	866	779	1	-1	-6
65	57	866	781	1	-1	-2
65	59	866	816	1	-1	-6
65	60	866	822	1	1	10
65	62	866	838	1	1	4
65	63	866	852	1	1	2
65	64	866	859	1	1	6
65	68	866	902	1	1	24
65	69	866	916	1	1	4
65	72	866	936	1	-1	-2
66	17	882	255	1	-1	-2
66	30	882	469	1	1	2
66	40	882	614	1	1	2
66	44	882	683	1	-1	-8
66	45	882	685	1	-1	-2
66	46	882	692	1	1	2
66	47	882	709	1	-1	-2
66	50	882	736	1	-1	-2
66	53	882	760	1	-1	-2
66	55	882	773	1	-1	-4
66	56	882	779	1	-1	-2
66	57	882	781	1	-1	-4
66	60	882	822	1	1	14
66	63	882	852	1	1	12
66	64	882	859	1	1	2
66	68	882	902	1	1	18
66	71	882	933	1	-1	-10
66	72	882	936	1	-1	-14
66	74	882	945	1	-1	-10
66	94	882	1344	1	1	10
66	100	882	1408	1	1	2
67	51	893	750	1	-1	-2
67	60	893	822	1	1	2
67	62	893	838	1	1	2
67	68	893	902	1	1	4
67	69	893	916	1	1	2
67	73	893	940	1	-1	-2
67	82	893	1094	1	1	4
68	17	902	255	1	-1	-4
68	18	902	296	1	-1	-2
68	19	902	308	1	1	10
68	20	902	318	1	1	4
68	24	902	342	1	1	6
68	26	902	380	1	1	10
68	27	902	406	1	1	4
68	30	902	469	1	1	2
68	36	902	531	1	-1	-8
68	38	902	566	1	-1	-2
68	40	902	614	1	1	14
68	43	902	659	1	-1	-6
68	44	902	683	1	-1	-28
68	45	902	685	1	-1	-6
68	46	902	692	1	1	26
68	47	902	709	1	-1	-12
68	48	902	724	1	-1	-2
68	49	902	728	1	-1	-16
68	50	902	736	1	-1	-6
68	51	902	750	1	-1	-14
68	53	902	760	1	-1	-14
68	54	902	762	1	-1	-8
68	55	902	773	1	-1	-22
68	56	902	779	1	-1	-10
68	57	902	781	1	-1	-54
68	58	902	806	1	1	8
68	59	902	816	1	-1	-32
68	60	902	822	1	1	98
68	61	902	833	1	1	4
68	62	902	838	1	1	6
68	63	902	852	1	1	52
68	64	902	859	1	1	32
68	65	902	866	1	1	24
68	66	902	882	1	1	18
68	67	902	893	1	1	4
68	69	902	916	1	1	110
68	71	902	933	1	-1	-56
68	72	902	936	1	-1	-170
68	73	902	940	1	-1	-40
68	74	902	945	1	-1	-54
68	75	902	1000	1	-1	-6
68	76	902	1005	1	-1	-2
68	78	902	1069	1	-1	-6
68	80	902	1084	1	1	10
68	81	902	1091	1	1	2
68	82	902	1094	1	1	22
68	83	902	1105	1	-1	-2
68	88	902	1245	1	1	2
68	89	902	1254	1	1	8
68	93	902	1319	1	1	12
68	94	902	1344	1	1	54
68	95	902	1365	1	-1	-2
68	96	902	1378	1	-1	-6
68	98	902	1395	1	1	10
68	100	902	1408	1	1	6
68	106	902	1505	1	-1	-6
69	18	916	296	1	-1	-6
69	24	916	342	1	1	2
69	30	916	469	1	1	4
69	44	916	683	1	-1	-2
69	45	916	685	1	-1	-6
69	46	916	692	1	1	4
69	47	916	709	1	-1	-4
69	48	916	724	1	-1	-2
69	49	916	728	1	-1	-8
69	50	916	736	1	-1	-4
69	51	916	750	1	-1	-4
69	52	916	759	1	-1	-2
69	54	916	762	1	-1	-2
69	55	916	773	1	-1	-8
69	56	916	779	1	-1	-10
69	57	916	781	1	-1	-8
69	59	916	816	1	-1	-2
69	60	916	822	1	1	16
69	63	916	852	1	1	32
69	65	916	866	1	1	4
69	67	916	893	1	1	2
69	68	916	902	1	1	110
69	71	916	933	1	-1	-16
69	72	916	936	1	-1	-42
69	73	916	940	1	-1	-6
69	74	916	945	1	-1	-24
69	75	916	1000	1	-1	-4
69	78	916	1069	1	-1	-4
69	80	916	1084	1	1	2
69	82	916	1094	1	1	4
69	88	916	1245	1	1	2
69	93	916	1319	1	1	2
69	94	916	1344	1	1	22
69	98	916	1395	1	1	2
69	100	916	1408	1	1	6
70	44	928	683	-1	-1	2
70	71	928	933	-1	-1	8
70	72	928	936	-1	-1	14
70	80	928	1084	-1	1	-4
71	20	933	318	-1	1	-4
71	34	933	505	-1	-1	4
71	36	933	531	-1	-1	12
71	41	933	654	-1	-1	2
71	44	933	683	-1	-1	2
71	46	933	692	-1	1	-6
71	51	933	750	-1	-1	6
71	52	933	759	-1	-1	2
71	53	933	760	-1	-1	4
71	55	933	773	-1	-1	16
71	57	933	781	-1	-1	40
71	59	933	816	-1	-1	2
71	60	933	822	-1	1	-16
71	63	933	852	-1	1	-14
71	64	933	859	-1	1	-14
71	66	933	882	-1	1	-10
71	68	933	902	-1	1	-56
71	69	933	916	-1	1	-16
71	70	933	928	-1	-1	8
71	72	933	936	-1	-1	70
71	74	933	945	-1	-1	18
71	75	933	1000	-1	-1	2
71	80	933	1084	-1	1	-16
71	94	933	1344	-1	1	-4
71	95	933	1365	-1	-1	4
71	106	933	1505	-1	-1	12
72	20	936	318	-1	1	-8
72	22	936	331	-1	1	-6
72	23	936	339	-1	1	-2
72	24	936	342	-1	1	-22
72	26	936	380	-1	1	-2
72	32	936	484	-1	1	-2
72	40	936	614	-1	1	-6
72	41	936	654	-1	-1	4
72	42	936	656	-1	-1	2
72	43	936	659	-1	-1	4
72	44	936	683	-1	-1	14
72	45	936	685	-1	-1	12
72	46	936	692	-1	1	-8
72	47	936	709	-1	-1	-2
72	49	936	728	-1	-1	6
72	50	936	736	-1	-1	12
72	51	936	750	-1	-1	8
72	52	936	759	-1	-1	4
72	53	936	760	-1	-1	28
72	54	936	762	-1	-1	2
72	55	936	773	-1	-1	28
72	56	936	779	-1	-1	30
72	57	936	781	-1	-1	22
72	58	936	806	-1	1	-4
72	59	936	816	-1	-1	20
72	60	936	822	-1	1	-42
72	63	936	852	-1	1	-54
72	64	936	859	-1	1	-12
72	65	936	866	-1	1	-2
72	66	936	882	-1	1	-14
72	68	936	902	-1	1	-170
72	69	936	916	-1	1	-42
72	70	936	928	-1	-1	14
72	71	936	933	-1	-1	70
72	73	936	940	-1	-1	64
72	74	936	945	-1	-1	104
72	75	936	1000	-1	-1	20
72	76	936	1005	-1	-1	10
72	79	936	1078	-1	1	-2
72	80	936	1084	-1	1	-10
72	82	936	1094	-1	1	-4
72	84	936	1112	-1	-1	2
72	86	936	1210	-1	1	-2
72	87	936	1217	-1	1	-2
72	88	936	1245	-1	1	-4
72	89	936	1254	-1	1	-12
72	94	936	1344	-1	1	-30
72	96	936	1378	-1	-1	2
72	97	936	1389	-1	1	-2
72	98	936	1395	-1	1	-2
72	100	936	1408	-1	1	-4
72	106	936	1505	-1	-1	2
72	107	936	1518	-1	-1	2
72	110	936	1566	-1	1	-6
73	42	940	656	-1	-1	2
73	43	940	659	-1	-1	2
73	45	940	685	-1	-1	2
73	46	940	692	-1	1	-8
73	51	940	750	-1	-1	8
73	54	940	762	-1	-1	4
73	55	940	773	-1	-1	6
73	56	940	779	-1	-1	2
73	57	940	781	-1	-1	10
73	59	940	816	-1	-1	4
73	60	940	822	-1	1	-30
73	64	940	859	-1	1	-2
73	67	940	893	-1	1	-2
73	68	940	902	-1	1	-40
73	69	940	916	-1	1	-6
73	72	940	936	-1	-1	64
73	74	940	945	-1	-1	30
73	75	940	1000	-1	-1	2
73	78	940	1069	-1	-1	6
73	80	940	1084	-1	1	-2
73	83	940	1105	-1	-1	2
73	94	940	1344	-1	1	-18
73	98	940	1395	-1	1	-2
73	100	940	1408	-1	1	-2
73	101	940	1409	-1	1	-4
73	106	940	1505	-1	-1	6
73	112	940	1618	-1	-1	2
74	24	945	342	-1	1	-2
74	26	945	380	-1	1	-8
74	39	945	591	-1	-1	2
74	40	945	614	-1	1	-10
74	41	945	654	-1	-1	8
74	43	945	659	-1	-1	6
74	45	945	685	-1	-1	2
74	47	945	709	-1	-1	8
74	49	945	728	-1	-1	4
74	50	945	736	-1	-1	4
74	51	945	750	-1	-1	4
74	52	945	759	-1	-1	2
74	53	945	760	-1	-1	8
74	54	945	762	-1	-1	2
74	55	945	773	-1	-1	8
74	56	945	779	-1	-1	12
74	57	945	781	-1	-1	6
74	60	945	822	-1	1	-52
74	62	945	838	-1	1	-2
74	63	945	852	-1	1	-8
74	64	945	859	-1	1	-2
74	66	945	882	-1	1	-10
74	68	945	902	-1	1	-54
74	69	945	916	-1	1	-24
74	71	945	933	-1	-1	18
74	72	945	936	-1	-1	104
74	73	945	940	-1	-1	30
74	75	945	1000	-1	-1	4
74	76	945	1005	-1	-1	2
74	78	945	1069	-1	-1	4
74	80	945	1084	-1	1	-8
74	89	945	1254	-1	1	-4
74	94	945	1344	-1	1	-4
74	96	945	1378	-1	-1	8
74	98	945	1395	-1	1	-2
74	100	945	1408	-1	1	-6
75	30	1000	469	-1	1	-2
75	34	1000	505	-1	-1	2
75	40	1000	614	-1	1	-4
75	44	1000	683	-1	-1	2
75	45	1000	685	-1	-1	2
75	46	1000	692	-1	1	-2
75	51	1000	750	-1	-1	4
75	57	1000	781	-1	-1	2
75	60	1000	822	-1	1	2
75	63	1000	852	-1	1	-4
75	64	1000	859	-1	1	-6
75	68	1000	902	-1	1	-6
75	69	1000	916	-1	1	-4
75	71	1000	933	-1	-1	2
75	72	1000	936	-1	-1	20
75	73	1000	940	-1	-1	2
75	74	1000	945	-1	-1	4
75	76	1000	1005	-1	-1	16
75	77	1000	1047	-1	-1	10
75	78	1000	1069	-1	-1	6
75	79	1000	1078	-1	1	-2
75	80	1000	1084	-1	1	-30
75	82	1000	1094	-1	1	-8
75	84	1000	1112	-1	-1	2
75	86	1000	1210	-1	1	-2
75	88	1000	1245	-1	1	-10
75	89	1000	1254	-1	1	-8
75	90	1000	1278	-1	1	-2
75	93	1000	1319	-1	1	-10
75	94	1000	1344	-1	1	-14
75	95	1000	1365	-1	-1	4
75	98	1000	1395	-1	1	-2
75	100	1000	1408	-1	1	-6
75	115	1000	1639	-1	-1	2
76	30	1005	469	-1	1	-4
76	41	1005	654	-1	-1	2
76	57	1005	781	-1	-1	4
76	60	1005	822	-1	1	-8
76	64	1005	859	-1	1	-2
76	68	1005	902	-1	1	-2
76	72	1005	936	-1	-1	10
76	74	1005	945	-1	-1	2
76	75	1005	1000	-1	-1	16
76	78	1005	1069	-1	-1	18
76	79	1005	1078	-1	1	-10
76	80	1005	1084	-1	1	-24
76	81	1005	1091	-1	1	-6
76	82	1005	1094	-1	1	-16
76	86	1005	1210	-1	1	-2
76	87	1005	1217	-1	1	-4
76	88	1005	1245	-1	1	-14
76	94	1005	1344	-1	1	-4
76	98	1005	1395	-1	1	-2
76	100	1005	1408	-1	1	-4
76	107	1005	1518	-1	-1	-2
76	112	1005	1618	-1	-1	4
76	116	1005	1647	-1	-1	2
77	30	1047	469	-1	1	-2
77	33	1047	490	-1	-1	2
77	40	1047	614	-1	1	-2
77	45	1047	685	-1	-1	2
77	75	1047	1000	-1	-1	10
77	78	1047	1069	-1	-1	44
77	79	1047	1078	-1	1	-4
77	80	1047	1084	-1	1	-42
77	81	1047	1091	-1	1	-2
77	82	1047	1094	-1	1	-4
77	83	1047	1105	-1	-1	2
77	87	1047	1217	-1	1	-2
77	88	1047	1245	-1	1	-10
77	89	1047	1254	-1	1	-14
77	91	1047	1296	-1	1	-2
77	98	1047	1395	-1	1	-4
77	102	1047	1438	-1	-1	2
77	110	1047	1566	-1	1	-2
77	112	1047	1618	-1	-1	2
77	116	1047	1647	-1	-1	4
77	122	1047	1679	-1	-1	2
78	32	1069	484	-1	1	-2
78	33	1069	490	-1	-1	2
78	40	1069	614	-1	1	-6
78	41	1069	654	-1	-1	2
78	46	1069	692	-1	1	-2
78	47	1069	709	-1	-1	8
78	55	1069	773	-1	-1	4
78	57	1069	781	-1	-1	2
78	60	1069	822	-1	1	-4
78	68	1069	902	-1	1	-6
78	69	1069	916	-1	1	-4
78	73	1069	940	-1	-1	6
78	74	1069	945	-1	-1	4
78	75	1069	1000	-1	-1	6
78	76	1069	1005	-1	-1	18
78	77	1069	1047	-1	-1	44
78	79	1069	1078	-1	1	-30
78	80	1069	1084	-1	1	-76
78	82	1069	1094	-1	1	-12
78	83	1069	1105	-1	-1	6
78	84	1069	1112	-1	-1	4
78	86	1069	1210	-1	1	-2
78	88	1069	1245	-1	1	-8
78	89	1069	1254	-1	1	-8
78	93	1069	1319	-1	1	-12
78	94	1069	1344	-1	1	-10
78	96	1069	1378	-1	-1	2
78	100	1069	1408	-1	1	-4
78	101	1069	1409	-1	1	-4
78	106	1069	1505	-1	-1	4
78	112	1069	1618	-1	-1	2
78	114	1069	1634	-1	-1	4
78	117	1069	1654	-1	-1	2
78	119	1069	1659	-1	-1	2
79	36	1078	531	1	-1	-6
79	63	1078	852	1	1	2
79	72	1078	936	1	-1	-2
79	75	1078	1000	1	-1	-2
79	76	1078	1005	1	-1	-10
79	77	1078	1047	1	-1	-4
79	78	1078	1069	1	-1	-30
79	80	1078	1084	1	1	46
79	82	1078	1094	1	1	8
79	84	1078	1112	1	-1	-6
79	88	1078	1245	1	1	6
79	89	1078	1254	1	1	2
79	94	1078	1344	1	1	2
79	96	1078	1378	1	-1	-4
79	100	1078	1408	1	1	2
79	106	1078	1505	1	-1	-4
79	107	1078	1518	1	-1	-4
79	117	1078	1654	1	-1	-2
80	36	1084	531	1	-1	-2
80	39	1084	591	1	-1	2
80	40	1084	614	1	1	2
80	41	1084	654	1	-1	-8
80	43	1084	659	1	-1	-10
80	47	1084	709	1	-1	-4
80	53	1084	760	1	-1	2
80	55	1084	773	1	-1	2
80	56	1084	779	1	-1	-2
80	57	1084	781	1	-1	-4
80	60	1084	822	1	1	4
80	63	1084	852	1	1	2
80	68	1084	902	1	1	10
80	69	1084	916	1	1	2
80	70	1084	928	1	-1	-4
80	71	1084	933	1	-1	-16
80	72	1084	936	1	-1	-10
80	73	1084	940	1	-1	-2
80	74	1084	945	1	-1	-8
80	75	1084	1000	1	-1	-30
80	76	1084	1005	1	-1	-24
80	77	1084	1047	1	-1	-42
80	78	1084	1069	1	-1	-76
80	79	1084	1078	1	1	46
80	81	1084	1091	1	1	12
80	82	1084	1094	1	1	96
80	83	1084	1105	1	-1	-12
80	84	1084	1112	1	-1	-12
80	85	1084	1163	1	-1	-4
80	86	1084	1210	1	1	20
80	87	1084	1217	1	1	8
80	88	1084	1245	1	1	44
80	89	1084	1254	1	1	2
80	92	1084	1311	1	1	2
80	93	1084	1319	1	1	4
80	94	1084	1344	1	1	38
80	96	1084	1378	1	-1	-2
80	98	1084	1395	1	1	2
80	100	1084	1408	1	1	12
80	101	1084	1409	1	1	2
80	102	1084	1438	1	-1	-6
80	104	1084	1483	1	-1	-2
80	106	1084	1505	1	-1	-2
80	107	1084	1518	1	-1	-6
80	111	1084	1584	1	1	2
80	112	1084	1618	1	-1	-4
80	117	1084	1654	1	-1	-4
80	119	1084	1659	1	-1	-4
80	121	1084	1673	1	-1	-4
80	122	1084	1679	1	-1	-14
80	123	1084	1699	1	1	4
81	41	1091	654	1	-1	2
81	68	1091	902	1	1	2
81	76	1091	1005	1	-1	-6
81	77	1091	1047	1	-1	-2
81	80	1091	1084	1	1	12
81	82	1091	1094	1	1	16
81	83	1091	1105	1	-1	-4
81	84	1091	1112	1	-1	-12
81	87	1091	1217	1	1	2
81	88	1091	1245	1	1	2
81	98	1091	1395	1	1	2
81	106	1091	1505	1	-1	-6
81	119	1091	1659	1	-1	-8
81	122	1091	1679	1	-1	2
81	125	1091	1733	1	1	2
82	40	1094	614	1	1	2
82	41	1094	654	1	-1	-2
82	43	1094	659	1	-1	-8
82	44	1094	683	1	-1	-2
82	45	1094	685	1	-1	-2
82	49	1094	728	1	-1	-2
82	56	1094	779	1	-1	-2
82	57	1094	781	1	-1	-6
82	60	1094	822	1	1	4
82	62	1094	838	1	1	-4
82	63	1094	852	1	1	6
82	67	1094	893	1	1	4
82	68	1094	902	1	1	22
82	69	1094	916	1	1	4
82	72	1094	936	1	-1	-4
82	75	1094	1000	1	-1	-8
82	76	1094	1005	1	-1	-16
82	77	1094	1047	1	-1	-4
82	78	1094	1069	1	-1	-12
82	79	1094	1078	1	1	8
82	80	1094	1084	1	1	96
82	81	1094	1091	1	1	16
82	83	1094	1105	1	-1	-58
82	84	1094	1112	1	-1	-60
82	85	1094	1163	1	-1	-10
82	86	1094	1210	1	1	24
82	87	1094	1217	1	1	6
82	88	1094	1245	1	1	70
82	89	1094	1254	1	1	6
82	91	1094	1296	1	1	2
82	93	1094	1319	1	1	10
82	94	1094	1344	1	1	10
82	95	1094	1365	1	-1	-2
82	98	1094	1395	1	1	2
82	99	1094	1402	1	1	2
82	100	1094	1408	1	1	2
82	101	1094	1409	1	1	6
82	102	1094	1438	1	-1	-6
82	104	1094	1483	1	-1	-2
82	105	1094	1494	1	-1	-2
82	106	1094	1505	1	-1	2
82	107	1094	1518	1	-1	-4
82	110	1094	1566	1	1	2
82	112	1094	1618	1	-1	-4
82	113	1094	1627	1	1	2
82	116	1094	1647	1	-1	-4
82	119	1094	1659	1	-1	-6
82	122	1094	1679	1	-1	-8
82	125	1094	1733	1	1	6
83	41	1105	654	-1	-1	2
83	46	1105	692	-1	1	-4
83	53	1105	760	-1	-1	4
83	68	1105	902	-1	1	-2
83	73	1105	940	-1	-1	2
83	77	1105	1047	-1	-1	2
83	78	1105	1069	-1	-1	6
83	80	1105	1084	-1	1	-12
83	81	1105	1091	-1	1	-4
83	82	1105	1094	-1	1	-58
83	84	1105	1112	-1	-1	12
83	86	1105	1210	-1	1	-2
83	87	1105	1217	-1	1	-2
83	88	1105	1245	-1	1	-12
83	93	1105	1319	-1	1	-2
83	107	1105	1518	-1	-1	2
83	112	1105	1618	-1	-1	4
83	116	1105	1647	-1	-1	2
83	125	1105	1733	-1	1	-2
84	64	1112	859	-1	1	-2
84	72	1112	936	-1	-1	2
84	75	1112	1000	-1	-1	2
84	78	1112	1069	-1	-1	4
84	79	1112	1078	-1	1	-6
84	80	1112	1084	-1	1	-12
84	81	1112	1091	-1	1	-12
84	82	1112	1094	-1	1	-60
84	83	1112	1105	-1	-1	12
84	86	1112	1210	-1	1	-6
84	87	1112	1217	-1	1	-4
84	88	1112	1245	-1	1	-14
84	93	1112	1319	-1	1	-2
84	98	1112	1395	-1	1	-2
84	116	1112	1647	-1	-1	12
84	122	1112	1679	-1	-1	6
84	126	1112	1737	-1	1	-2
85	80	1163	1084	-1	1	-4
85	82	1163	1094	-1	1	-10
85	86	1163	1210	-1	1	-8
85	88	1163	1245	-1	1	-6
85	110	1163	1566	-1	1	-2
86	51	1210	750	1	-1	-2
86	57	1210	781	1	-1	-6
86	72	1210	936	1	-1	-2
86	75	1210	1000	1	-1	-2
86	76	1210	1005	1	-1	-2
86	78	1210	1069	1	-1	-2
86	80	1210	1084	1	1	20
86	82	1210	1094	1	1	24
86	83	1210	1105	1	-1	-2
86	84	1210	1112	1	-1	-6
86	85	1210	1163	1	-1	-8
86	87	1210	1217	1	1	12
86	88	1210	1245	1	1	42
86	89	1210	1254	1	1	6
86	93	1210	1319	1	1	8
86	94	1210	1344	1	1	6
86	96	1210	1378	1	-1	-4
86	98	1210	1395	1	1	2
86	100	1210	1408	1	1	2
86	101	1210	1409	1	1	2
86	107	1210	1518	1	-1	-2
86	125	1210	1733	1	1	4
86	132	1210	1777	1	1	-4
86	133	1210	1785	1	1	2
87	49	1217	728	1	-1	-4
87	53	1217	760	1	-1	-2
87	72	1217	936	1	-1	-2
87	76	1217	1005	1	-1	-4
87	77	1217	1047	1	-1	-2
87	80	1217	1084	1	1	8
87	81	1217	1091	1	1	2
87	82	1217	1094	1	1	6
87	83	1217	1105	1	-1	-2
87	84	1217	1112	1	-1	-4
87	86	1217	1210	1	1	12
87	88	1217	1245	1	1	16
87	89	1217	1254	1	1	4
87	94	1217	1344	1	1	2
87	115	1217	1639	1	-1	-2
87	121	1217	1673	1	-1	-2
87	131	1217	1774	1	1	2
88	51	1245	750	1	-1	-4
88	57	1245	781	1	-1	-2
88	60	1245	822	1	1	2
88	68	1245	902	1	1	2
88	69	1245	916	1	1	2
88	72	1245	936	1	-1	-4
88	75	1245	1000	1	-1	-10
88	76	1245	1005	1	-1	-14
88	77	1245	1047	1	-1	-10
88	78	1245	1069	1	-1	-8
88	79	1245	1078	1	1	6
88	80	1245	1084	1	1	44
88	81	1245	1091	1	1	2
88	82	1245	1094	1	1	70
88	83	1245	1105	1	-1	-12
88	84	1245	1112	1	-1	-14
88	85	1245	1163	1	-1	-6
88	86	1245	1210	1	1	42
88	87	1245	1217	1	1	16
88	89	1245	1254	1	1	18
88	90	1245	1278	1	1	2
88	91	1245	1296	1	1	2
88	92	1245	1311	1	1	6
88	93	1245	1319	1	1	18
88	94	1245	1344	1	1	28
88	96	1245	1378	1	-1	-4
88	97	1245	1389	1	1	2
88	98	1245	1395	1	1	4
88	100	1245	1408	1	1	4
88	101	1245	1409	1	1	10
88	103	1245	1454	1	-1	-4
88	107	1245	1518	1	-1	-10
88	110	1245	1566	1	1	2
88	112	1245	1618	1	-1	-4
88	115	1245	1639	1	-1	-2
88	116	1245	1647	1	-1	-2
88	117	1245	1654	1	-1	-6
88	122	1245	1679	1	-1	-6
88	125	1245	1733	1	1	4
88	126	1245	1737	1	1	2
88	129	1245	1753	1	-1	-4
88	132	1245	1777	1	1	8
88	134	1245	1804	1	1	4
89	52	1254	759	1	-1	-2
89	53	1254	760	1	-1	-2
89	57	1254	781	1	-1	-6
89	59	1254	816	1	-1	-2
89	68	1254	902	1	1	8
89	72	1254	936	1	-1	-12
89	74	1254	945	1	-1	-4
89	75	1254	1000	1	-1	-8
89	77	1254	1047	1	-1	-14
89	78	1254	1069	1	-1	-8
89	79	1254	1078	1	1	2
89	80	1254	1084	1	1	2
89	82	1254	1094	1	1	6
89	86	1254	1210	1	1	6
89	87	1254	1217	1	1	4
89	88	1254	1245	1	1	18
89	90	1254	1278	1	1	8
89	91	1254	1296	1	1	4
89	92	1254	1311	1	1	2
89	93	1254	1319	1	1	26
89	94	1254	1344	1	1	22
89	96	1254	1378	1	-1	-2
89	97	1254	1389	1	1	4
89	98	1254	1395	1	1	8
89	100	1254	1408	1	1	18
89	101	1254	1409	1	1	6
89	105	1254	1494	1	-1	-2
89	107	1254	1518	1	-1	-4
89	117	1254	1654	1	-1	-2
89	126	1254	1737	1	1	4
89	132	1254	1777	1	1	2
89	136	1254	1815	1	1	8
89	137	1254	1820	1	1	2
89	138	1254	1824	1	1	2
90	75	1278	1000	1	-1	-2
90	88	1278	1245	1	1	2
90	89	1278	1254	1	1	8
90	93	1278	1319	1	1	2
90	94	1278	1344	1	1	6
91	77	1296	1047	1	-1	-2
91	82	1296	1094	1	1	2
91	88	1296	1245	1	1	2
91	89	1296	1254	1	1	4
91	92	1296	1311	1	1	2
91	93	1296	1319	1	1	10
91	94	1296	1344	1	1	10
91	98	1296	1395	1	1	6
91	100	1296	1408	1	1	2
91	106	1296	1505	1	-1	-2
91	121	1296	1673	1	-1	-2
92	55	1311	773	1	-1	-4
92	80	1311	1084	1	1	2
92	88	1311	1245	1	1	6
92	89	1311	1254	1	1	2
92	91	1311	1296	1	1	2
92	93	1311	1319	1	1	2
92	94	1311	1344	1	1	2
92	96	1311	1378	1	-1	-6
93	52	1319	759	1	-1	-2
93	56	1319	779	1	-1	-2
93	57	1319	781	1	-1	-4
93	59	1319	816	1	-1	-4
93	60	1319	822	1	1	2
93	68	1319	902	1	1	12
93	69	1319	916	1	1	2
93	75	1319	1000	1	-1	-10
93	78	1319	1069	1	-1	-12
93	80	1319	1084	1	1	4
93	82	1319	1094	1	1	10
93	83	1319	1105	1	-1	-2
93	84	1319	1112	1	-1	-2
93	86	1319	1210	1	1	8
93	88	1319	1245	1	1	18
93	89	1319	1254	1	1	26
93	90	1319	1278	1	1	2
93	91	1319	1296	1	1	10
93	92	1319	1311	1	1	2
93	94	1319	1344	1	1	52
93	95	1319	1365	1	-1	-6
93	96	1319	1378	1	-1	-16
93	97	1319	1389	1	1	4
93	98	1319	1395	1	1	16
93	100	1319	1408	1	1	16
93	101	1319	1409	1	1	4
93	102	1319	1438	1	-1	-4
93	106	1319	1505	1	-1	-4
93	122	1319	1679	1	-1	-4
93	125	1319	1733	1	1	12
93	132	1319	1777	1	1	4
93	134	1319	1804	1	1	4
93	135	1319	1811	1	1	2
93	137	1319	1820	1	1	2
93	139	1319	1829	1	1	6
94	55	1344	773	1	-1	-16
94	56	1344	779	1	-1	-4
94	57	1344	781	1	-1	-46
94	59	1344	816	1	-1	-20
94	60	1344	822	1	1	20
94	63	1344	852	1	1	14
94	64	1344	859	1	1	8
94	66	1344	882	1	1	10
94	68	1344	902	1	1	54
94	69	1344	916	1	1	22
94	71	1344	933	1	-1	-4
94	72	1344	936	1	-1	-30
94	73	1344	940	1	-1	-18
94	74	1344	945	1	-1	-4
94	75	1344	1000	1	-1	-14
94	76	1344	1005	1	-1	-4
94	78	1344	1069	1	-1	-10
94	79	1344	1078	1	1	2
94	80	1344	1084	1	1	38
94	82	1344	1094	1	1	10
94	86	1344	1210	1	1	6
94	87	1344	1217	1	1	2
94	88	1344	1245	1	1	28
94	89	1344	1254	1	1	22
94	90	1344	1278	1	1	6
94	91	1344	1296	1	1	10
94	92	1344	1311	1	1	2
94	93	1344	1319	1	1	52
94	95	1344	1365	1	-1	-26
94	96	1344	1378	1	-1	-38
94	97	1344	1389	1	1	8
94	98	1344	1395	1	1	50
94	100	1344	1408	1	1	28
94	101	1344	1409	1	1	8
94	106	1344	1505	1	-1	-4
94	107	1344	1518	1	-1	-10
94	110	1344	1566	1	1	2
94	112	1344	1618	1	-1	-2
94	114	1344	1634	1	-1	-2
94	119	1344	1659	1	-1	2
94	120	1344	1665	1	-1	-2
94	122	1344	1679	1	-1	-2
94	137	1344	1820	1	1	2
94	138	1344	1824	1	1	8
94	139	1344	1829	1	1	20
94	140	1344	1835	1	1	42
94	141	1344	1847	1	1	2
94	142	1344	1860	1	1	4
95	60	1365	822	-1	1	-2
95	68	1365	902	-1	1	-2
95	71	1365	933	-1	-1	4
95	75	1365	1000	-1	-1	4
95	82	1365	1094	-1	1	-2
95	93	1365	1319	-1	1	-6
95	94	1365	1344	-1	1	-26
95	96	1365	1378	-1	-1	4
95	97	1365	1389	-1	1	-4
95	106	1365	1505	-1	-1	2
95	107	1365	1518	-1	-1	4
95	126	1365	1737	-1	1	-6
95	139	1365	1829	-1	1	-2
95	142	1365	1860	-1	1	-4
95	145	1365	1895	-1	1	-2
95	146	1365	1898	-1	1	-2
96	60	1378	822	-1	1	-2
96	68	1378	902	-1	1	-6
96	72	1378	936	-1	-1	2
96	74	1378	945	-1	-1	8
96	78	1378	1069	-1	-1	2
96	79	1378	1078	-1	1	-4
96	80	1378	1084	-1	1	-2
96	86	1378	1210	-1	1	-4
96	88	1378	1245	-1	1	-4
96	89	1378	1254	-1	1	-2
96	92	1378	1311	-1	1	-6
96	93	1378	1319	-1	1	-16
96	94	1378	1344	-1	1	-38
96	95	1378	1365	-1	-1	4
96	97	1378	1389	-1	1	-2
96	98	1378	1395	-1	1	-8
96	100	1378	1408	-1	1	-14
96	101	1378	1409	-1	1	-2
96	106	1378	1505	-1	-1	2
96	117	1378	1654	-1	-1	2
96	125	1378	1733	-1	1	-6
96	132	1378	1777	-1	1	-2
96	140	1378	1835	-1	1	-4
96	148	1378	1903	-1	1	-4
97	60	1389	822	1	1	2
97	63	1389	852	1	1	2
97	72	1389	936	1	-1	-2
97	88	1389	1245	1	1	2
97	89	1389	1254	1	1	4
97	93	1389	1319	1	1	4
97	94	1389	1344	1	1	8
97	95	1389	1365	1	-1	-4
97	96	1389	1378	1	-1	-2
97	98	1389	1395	1	1	40
97	100	1389	1408	1	1	10
97	106	1389	1505	1	-1	-2
97	110	1389	1566	1	1	2
97	121	1389	1673	1	-1	-2
97	122	1389	1679	1	-1	-2
97	125	1389	1733	1	1	8
97	128	1389	1748	1	-1	-6
97	140	1389	1835	1	1	2
98	63	1395	852	1	1	2
98	64	1395	859	1	1	4
98	68	1395	902	1	1	10
98	69	1395	916	1	1	2
98	72	1395	936	1	-1	-2
98	73	1395	940	1	-1	-2
98	74	1395	945	1	-1	-2
98	75	1395	1000	1	-1	-2
98	76	1395	1005	1	-1	-2
98	77	1395	1047	1	-1	-4
98	80	1395	1084	1	1	2
98	81	1395	1091	1	1	2
98	82	1395	1094	1	1	2
98	84	1395	1112	1	-1	-2
98	86	1395	1210	1	1	2
98	88	1395	1245	1	1	4
98	89	1395	1254	1	1	8
98	91	1395	1296	1	1	6
98	93	1395	1319	1	1	16
98	94	1395	1344	1	1	50
98	96	1395	1378	1	-1	-8
98	97	1395	1389	1	1	40
98	100	1395	1408	1	1	52
98	101	1395	1409	1	1	10
98	104	1395	1483	1	-1	-2
98	106	1395	1505	1	-1	-10
98	107	1395	1518	1	-1	-8
98	116	1395	1647	1	-1	-4
98	117	1395	1654	1	-1	-2
98	119	1395	1659	1	-1	4
98	122	1395	1679	1	-1	-6
98	125	1395	1733	1	1	4
98	137	1395	1820	1	1	2
98	138	1395	1824	1	1	6
98	139	1395	1829	1	1	16
98	144	1395	1890	1	1	8
99	82	1402	1094	1	1	2
99	100	1402	1408	1	1	6
99	101	1402	1409	1	1	4
99	107	1402	1518	1	-1	-2
99	117	1402	1654	1	-1	-2
100	63	1408	852	1	1	2
100	66	1408	882	1	1	2
100	68	1408	902	1	1	6
100	69	1408	916	1	1	6
100	72	1408	936	1	-1	-4
100	73	1408	940	1	-1	-2
100	74	1408	945	1	-1	-6
100	75	1408	1000	1	-1	-6
100	76	1408	1005	1	-1	-4
100	78	1408	1069	1	-1	-4
100	79	1408	1078	1	1	2
100	80	1408	1084	1	1	12
100	82	1408	1094	1	1	2
100	86	1408	1210	1	1	2
100	88	1408	1245	1	1	4
100	89	1408	1254	1	1	18
100	91	1408	1296	1	1	2
100	93	1408	1319	1	1	16
100	94	1408	1344	1	1	28
100	96	1408	1378	1	-1	-14
100	97	1408	1389	1	1	10
100	98	1408	1395	1	1	52
100	99	1408	1402	1	1	6
100	101	1408	1409	1	1	268
100	102	1408	1438	1	-1	-2
100	106	1408	1505	1	-1	-18
100	107	1408	1518	1	-1	-8
100	110	1408	1566	1	1	6
100	112	1408	1618	1	-1	-2
100	115	1408	1639	1	-1	-2
100	119	1408	1659	1	-1	-10
100	122	1408	1679	1	-1	-6
100	126	1408	1737	1	1	4
100	128	1408	1748	1	-1	-8
100	129	1408	1753	1	-1	-4
100	131	1408	1774	1	1	2
100	132	1408	1777	1	1	6
100	134	1408	1804	1	1	2
100	138	1408	1824	1	1	6
100	139	1408	1829	1	1	16
100	140	1408	1835	1	1	4
100	142	1408	1860	1	1	6
100	144	1408	1890	1	1	2
100	146	1408	1898	1	1	6
100	148	1408	1903	1	1	4
100	149	1408	1916	1	1	8
100	151	1408	1936	1	-1	-20
100	152	1408	1943	1	-1	-8
101	63	1409	852	1	1	2
101	73	1409	940	1	-1	-4
101	78	1409	1069	1	-1	-4
101	80	1409	1084	1	1	2
101	82	1409	1094	1	1	6
101	86	1409	1210	1	1	2
101	88	1409	1245	1	1	10
101	89	1409	1254	1	1	6
101	93	1409	1319	1	1	4
101	94	1409	1344	1	1	8
101	96	1409	1378	1	-1	-2
101	98	1409	1395	1	1	10
101	99	1409	1402	1	1	4
101	100	1409	1408	1	1	268
101	103	1409	1454	1	-1	-2
101	105	1409	1494	1	-1	-4
101	106	1409	1505	1	-1	-14
101	107	1409	1518	1	-1	6
101	110	1409	1566	1	1	4
101	117	1409	1654	1	-1	-2
101	122	1409	1679	1	-1	-4
101	125	1409	1733	1	1	8
101	132	1409	1777	1	1	2
101	134	1409	1804	1	1	2
101	138	1409	1824	1	1	4
101	139	1409	1829	1	1	6
101	140	1409	1835	1	1	6
101	146	1409	1898	1	1	2
101	150	1409	1928	1	-1	-2
101	151	1409	1936	1	-1	2
101	152	1409	1943	1	-1	-14
101	155	1409	1964	1	-1	-4
102	77	1438	1047	-1	-1	2
102	80	1438	1084	-1	1	-6
102	82	1438	1094	-1	1	-6
102	93	1438	1319	-1	1	-4
102	100	1438	1408	-1	1	-2
102	103	1438	1454	-1	-1	2
102	104	1438	1483	-1	-1	2
102	106	1438	1505	-1	-1	6
102	107	1438	1518	-1	-1	4
102	125	1438	1733	-1	1	-2
102	133	1438	1785	-1	1	-2
102	138	1438	1824	-1	1	-4
102	148	1438	1903	-1	1	-4
102	151	1438	1936	-1	-1	2
102	152	1438	1943	-1	-1	2
102	154	1438	1958	-1	-1	2
103	88	1454	1245	-1	1	-4
103	101	1454	1409	-1	1	-2
103	102	1454	1438	-1	-1	2
103	105	1454	1494	-1	-1	2
103	106	1454	1505	-1	-1	6
103	122	1454	1679	-1	-1	8
103	140	1454	1835	-1	1	-2
104	80	1483	1084	-1	1	-2
104	82	1483	1094	-1	1	-2
104	98	1483	1395	-1	1	-2
104	102	1483	1438	-1	-1	2
104	124	1483	1716	-1	1	-4
104	140	1483	1835	-1	1	-2
105	82	1494	1094	-1	1	-2
105	89	1494	1254	-1	1	-2
105	101	1494	1409	-1	1	-4
105	103	1494	1454	-1	-1	2
105	106	1494	1505	-1	-1	28
105	107	1494	1518	-1	-1	24
105	110	1494	1566	-1	1	-4
105	122	1494	1679	-1	-1	6
105	123	1494	1699	-1	1	-2
105	125	1494	1733	-1	1	-2
105	137	1494	1820	-1	1	-2
105	138	1494	1824	-1	1	-2
105	139	1494	1829	-1	1	-2
105	146	1494	1898	-1	1	-2
105	148	1494	1903	-1	1	-2
105	154	1494	1958	-1	-1	-4
105	155	1494	1964	-1	-1	2
106	68	1505	902	-1	1	-6
106	71	1505	933	-1	-1	12
106	72	1505	936	-1	-1	2
106	73	1505	940	-1	-1	6
106	78	1505	1069	-1	-1	4
106	79	1505	1078	-1	1	-4
106	80	1505	1084	-1	1	-2
106	81	1505	1091	-1	1	-6
106	82	1505	1094	-1	1	2
106	91	1505	1296	-1	1	-2
106	93	1505	1319	-1	1	-4
106	94	1505	1344	-1	1	-4
106	95	1505	1365	-1	-1	2
106	96	1505	1378	-1	-1	2
106	97	1505	1389	-1	1	-2
106	98	1505	1395	-1	1	-10
106	100	1505	1408	-1	1	-18
106	101	1505	1409	-1	1	-14
106	102	1505	1438	-1	-1	6
106	103	1505	1454	-1	-1	6
106	105	1505	1494	-1	-1	28
106	107	1505	1518	-1	-1	60
106	108	1505	1537	-1	-1	6
106	109	1505	1558	-1	1	-2
106	110	1505	1566	-1	1	-4
106	112	1505	1618	-1	-1	4
106	115	1505	1639	-1	-1	2
106	117	1505	1654	-1	-1	4
106	119	1505	1659	-1	-1	12
106	120	1505	1665	-1	-1	2
106	121	1505	1673	-1	-1	2
106	122	1505	1679	-1	-1	18
106	123	1505	1699	-1	1	-4
106	124	1505	1716	-1	1	-2
106	125	1505	1733	-1	1	-2
106	126	1505	1737	-1	1	-4
106	127	1505	1740	-1	1	-2
106	130	1505	1761	-1	1	-4
106	131	1505	1774	-1	1	-4
106	132	1505	1777	-1	1	-6
106	133	1505	1785	-1	1	-2
106	134	1505	1804	-1	1	-4
106	136	1505	1815	-1	1	-6
106	137	1505	1820	-1	1	-8
106	138	1505	1824	-1	1	-2
106	139	1505	1829	-1	1	-8
106	142	1505	1860	-1	1	-2
106	148	1505	1903	-1	1	-8
106	150	1505	1928	-1	-1	4
106	151	1505	1936	-1	-1	8
106	152	1505	1943	-1	-1	2
106	153	1505	1948	-1	-1	2
106	155	1505	1964	-1	-1	2
106	158	1505	2011	-1	-1	12
107	72	1518	936	-1	-1	2
107	76	1518	1005	-1	-1	-2
107	79	1518	1078	-1	1	-4
107	80	1518	1084	-1	1	-6
107	82	1518	1094	-1	1	-4
107	83	1518	1105	-1	-1	2
107	86	1518	1210	-1	1	-2
107	88	1518	1245	-1	1	-10
107	89	1518	1254	-1	1	-4
107	94	1518	1344	-1	1	-10
107	95	1518	1365	-1	-1	4
107	98	1518	1395	-1	1	-8
107	99	1518	1402	-1	1	-2
107	100	1518	1408	-1	1	-8
107	101	1518	1409	-1	1	6
107	102	1518	1438	-1	-1	4
107	105	1518	1494	-1	-1	24
107	106	1518	1505	-1	-1	60
107	109	1518	1558	-1	1	-4
107	110	1518	1566	-1	1	-10
107	111	1518	1584	-1	1	-6
107	112	1518	1618	-1	-1	2
107	116	1518	1647	-1	-1	6
107	117	1518	1654	-1	-1	2
107	122	1518	1679	-1	-1	16
107	125	1518	1733	-1	1	-8
107	126	1518	1737	-1	1	-8
107	128	1518	1748	-1	-1	2
107	129	1518	1753	-1	-1	2
107	132	1518	1777	-1	1	-10
107	136	1518	1815	-1	1	-6
107	138	1518	1824	-1	1	-10
107	141	1518	1847	-1	1	-4
107	146	1518	1898	-1	1	-2
107	149	1518	1916	-1	1	-2
107	155	1518	1964	-1	-1	2
107	157	1518	1977	-1	-1	4
107	158	1518	2011	-1	-1	4
108	106	1537	1505	-1	-1	6
108	155	1537	1964	-1	-1	4
109	106	1558	1505	1	-1	-2
109	107	1558	1518	1	-1	-4
109	110	1558	1566	1	1	2
109	122	1558	1679	1	-1	-8
109	125	1558	1733	1	1	4
109	139	1558	1829	1	1	2
109	152	1558	1943	1	-1	-4
109	154	1558	1958	1	-1	-2
110	72	1566	936	1	-1	-6
110	77	1566	1047	1	-1	-2
110	82	1566	1094	1	1	2
110	85	1566	1163	1	-1	-2
110	88	1566	1245	1	1	2
110	94	1566	1344	1	1	2
110	97	1566	1389	1	1	2
110	100	1566	1408	1	1	6
110	101	1566	1409	1	1	4
110	105	1566	1494	1	-1	-4
110	106	1566	1505	1	-1	-4
110	107	1566	1518	1	-1	-10
110	109	1566	1558	1	1	2
110	111	1566	1584	1	1	26
110	112	1566	1618	1	-1	-28
110	114	1566	1634	1	-1	-2
110	115	1566	1639	1	-1	-2
110	116	1566	1647	1	-1	-8
110	117	1566	1654	1	-1	-2
110	119	1566	1659	1	-1	-10
110	121	1566	1673	1	-1	-2
110	122	1566	1679	1	-1	-28
110	125	1566	1733	1	1	14
110	126	1566	1737	1	1	6
110	127	1566	1740	1	1	2
110	128	1566	1748	1	-1	-2
110	129	1566	1753	1	-1	-2
110	132	1566	1777	1	1	4
110	138	1566	1824	1	1	2
110	139	1566	1829	1	1	4
110	142	1566	1860	1	1	4
110	149	1566	1916	1	1	2
110	151	1566	1936	1	-1	-6
110	152	1566	1943	1	-1	-2
110	155	1566	1964	1	-1	-2
111	80	1584	1084	1	1	2
111	107	1584	1518	1	-1	-6
111	110	1584	1566	1	1	26
111	112	1584	1618	1	-1	-18
111	113	1584	1627	1	1	4
111	117	1584	1654	1	-1	-2
111	119	1584	1659	1	-1	-4
111	121	1584	1673	1	-1	-4
111	122	1584	1679	1	-1	-18
111	123	1584	1699	1	1	4
111	125	1584	1733	1	1	4
111	138	1584	1824	1	1	4
111	139	1584	1829	1	1	6
111	140	1584	1835	1	1	2
111	149	1584	1916	1	1	2
111	151	1584	1936	1	-1	-2
111	152	1584	1943	1	-1	-2
111	158	1584	2011	1	-1	-2
112	73	1618	940	-1	-1	2
112	76	1618	1005	-1	-1	4
112	77	1618	1047	-1	-1	2
112	78	1618	1069	-1	-1	2
112	80	1618	1084	-1	1	-4
112	82	1618	1094	-1	1	-4
112	83	1618	1105	-1	-1	4
112	88	1618	1245	-1	1	-4
112	94	1618	1344	-1	1	-2
112	100	1618	1408	-1	1	-2
112	106	1618	1505	-1	-1	4
112	107	1618	1518	-1	-1	2
112	110	1618	1566	-1	1	-28
112	111	1618	1584	-1	1	-18
112	113	1618	1627	-1	1	-6
112	114	1618	1634	-1	-1	10
112	115	1618	1639	-1	-1	2
112	116	1618	1647	-1	-1	18
112	117	1618	1654	-1	-1	16
112	119	1618	1659	-1	-1	18
112	120	1618	1665	-1	-1	12
112	122	1618	1679	-1	-1	28
112	125	1618	1733	-1	1	-14
112	126	1618	1737	-1	1	-2
112	127	1618	1740	-1	1	-2
112	130	1618	1761	-1	1	-4
112	131	1618	1774	-1	1	-4
112	132	1618	1777	-1	1	-8
112	136	1618	1815	-1	1	-8
112	138	1618	1824	-1	1	-4
112	139	1618	1829	-1	1	-2
112	149	1618	1916	-1	1	-8
112	155	1618	1964	-1	-1	8
112	158	1618	2011	-1	-1	10
113	82	1627	1094	1	1	2
113	111	1627	1584	1	1	4
113	112	1627	1618	1	-1	-6
113	114	1627	1634	1	-1	-2
113	115	1627	1639	1	-1	-10
113	116	1627	1647	1	-1	-10
113	117	1627	1654	1	-1	-10
113	119	1627	1659	1	-1	-8
113	121	1627	1673	1	-1	-2
113	122	1627	1679	1	-1	-2
113	125	1627	1733	1	1	2
113	127	1627	1740	1	1	2
113	129	1627	1753	1	-1	-2
113	138	1627	1824	1	1	2
114	78	1634	1069	-1	-1	4
114	94	1634	1344	-1	1	-2
114	110	1634	1566	-1	1	-2
114	112	1634	1618	-1	-1	10
114	113	1634	1627	-1	1	-2
114	115	1634	1639	-1	-1	16
114	116	1634	1647	-1	-1	28
114	117	1634	1654	-1	-1	14
114	119	1634	1659	-1	-1	14
114	120	1634	1665	-1	-1	2
114	121	1634	1673	-1	-1	2
114	122	1634	1679	-1	-1	20
114	124	1634	1716	-1	1	-24
114	125	1634	1733	-1	1	-12
114	132	1634	1777	-1	1	-4
114	138	1634	1824	-1	1	-2
114	140	1634	1835	-1	1	-2
114	146	1634	1898	-1	1	-4
114	148	1634	1903	-1	1	-2
114	160	1634	2079	-1	1	-4
114	161	1634	2096	-1	1	-4
115	75	1639	1000	-1	-1	2
115	87	1639	1217	-1	1	-2
115	88	1639	1245	-1	1	-2
115	100	1639	1408	-1	1	-2
115	106	1639	1505	-1	-1	2
115	110	1639	1566	-1	1	-2
115	112	1639	1618	-1	-1	2
115	113	1639	1627	-1	1	-10
115	114	1639	1634	-1	-1	16
115	116	1639	1647	-1	-1	18
115	117	1639	1654	-1	-1	18
115	119	1639	1659	-1	-1	16
115	120	1639	1665	-1	-1	6
115	121	1639	1673	-1	-1	6
115	122	1639	1679	-1	-1	4
115	123	1639	1699	-1	1	-8
115	125	1639	1733	-1	1	-2
115	138	1639	1824	-1	1	-2
115	162	1639	2101	-1	-1	2
116	76	1647	1005	-1	-1	2
116	77	1647	1047	-1	-1	4
116	82	1647	1094	-1	1	-4
116	83	1647	1105	-1	-1	2
116	84	1647	1112	-1	-1	12
116	88	1647	1245	-1	1	-2
116	98	1647	1395	-1	1	-4
116	107	1647	1518	-1	-1	6
116	110	1647	1566	-1	1	-8
116	112	1647	1618	-1	-1	18
116	113	1647	1627	-1	1	-10
116	114	1647	1634	-1	-1	28
116	115	1647	1639	-1	-1	18
116	117	1647	1654	-1	-1	66
116	119	1647	1659	-1	-1	52
116	120	1647	1665	-1	-1	4
116	121	1647	1673	-1	-1	4
116	122	1647	1679	-1	-1	42
116	123	1647	1699	-1	1	-2
116	124	1647	1716	-1	1	-4
116	125	1647	1733	-1	1	-18
116	126	1647	1737	-1	1	-2
116	127	1647	1740	-1	1	-4
116	130	1647	1761	-1	1	-2
116	134	1647	1804	-1	1	-2
116	137	1647	1820	-1	1	-2
116	138	1647	1824	-1	1	-6
116	148	1647	1903	-1	1	-2
116	151	1647	1936	-1	-1	6
116	152	1647	1943	-1	-1	10
116	155	1647	1964	-1	-1	2
117	78	1654	1069	-1	-1	2
117	79	1654	1078	-1	1	-2
117	80	1654	1084	-1	1	-4
117	88	1654	1245	-1	1	-6
117	89	1654	1254	-1	1	-2
117	96	1654	1378	-1	-1	2
117	98	1654	1395	-1	1	-2
117	99	1654	1402	-1	1	-2
117	101	1654	1409	-1	1	-2
117	106	1654	1505	-1	-1	4
117	107	1654	1518	-1	-1	2
117	110	1654	1566	-1	1	-2
117	111	1654	1584	-1	1	-2
117	112	1654	1618	-1	-1	16
117	113	1654	1627	-1	1	-10
117	114	1654	1634	-1	-1	14
117	115	1654	1639	-1	-1	18
117	116	1654	1647	-1	-1	66
117	119	1654	1659	-1	-1	98
117	120	1654	1665	-1	-1	6
117	121	1654	1673	-1	-1	6
117	122	1654	1679	-1	-1	56
117	123	1654	1699	-1	1	-4
117	125	1654	1733	-1	1	-6
117	126	1654	1737	-1	1	-2
117	129	1654	1753	-1	-1	2
117	131	1654	1774	-1	1	-4
117	134	1654	1804	-1	1	-4
117	136	1654	1815	-1	1	-2
117	137	1654	1820	-1	1	-2
117	138	1654	1824	-1	1	-2
117	140	1654	1835	-1	1	-4
117	145	1654	1895	-1	1	-2
117	152	1654	1943	-1	-1	2
117	155	1654	1964	-1	-1	4
117	158	1654	2011	-1	-1	6
117	169	1654	2196	-1	-1	2
119	78	1659	1069	-1	-1	2
119	80	1659	1084	-1	1	-4
119	81	1659	1091	-1	1	-8
119	82	1659	1094	-1	1	-6
119	94	1659	1344	-1	1	2
119	98	1659	1395	-1	1	4
119	100	1659	1408	-1	1	-10
119	106	1659	1505	-1	-1	12
119	110	1659	1566	-1	1	-10
119	111	1659	1584	-1	1	-4
119	112	1659	1618	-1	-1	18
119	113	1659	1627	-1	1	-8
119	114	1659	1634	-1	-1	14
119	115	1659	1639	-1	-1	16
119	116	1659	1647	-1	-1	52
119	117	1659	1654	-1	-1	98
119	120	1659	1665	-1	-1	50
119	121	1659	1673	-1	-1	24
119	122	1659	1679	-1	-1	76
119	123	1659	1699	-1	1	-4
119	125	1659	1733	-1	1	-16
119	126	1659	1737	-1	1	-6
119	130	1659	1761	-1	1	-4
119	131	1659	1774	-1	1	-2
119	137	1659	1820	-1	1	-12
119	139	1659	1829	-1	1	-8
119	140	1659	1835	-1	1	-2
119	150	1659	1928	-1	-1	2
119	151	1659	1936	-1	-1	4
119	155	1659	1964	-1	-1	4
119	156	1659	1969	-1	-1	10
119	158	1659	2011	-1	-1	4
119	169	1659	2196	-1	-1	2
120	94	1665	1344	-1	1	-2
120	106	1665	1505	-1	-1	2
120	112	1665	1618	-1	-1	12
120	114	1665	1634	-1	-1	2
120	115	1665	1639	-1	-1	6
120	116	1665	1647	-1	-1	4
120	117	1665	1654	-1	-1	6
120	119	1665	1659	-1	-1	50
120	121	1665	1673	-1	-1	10
120	122	1665	1679	-1	-1	20
120	123	1665	1699	-1	1	-8
120	144	1665	1890	-1	1	-2
120	151	1665	1936	-1	-1	2
120	158	1665	2011	-1	-1	2
121	80	1673	1084	-1	1	-4
121	87	1673	1217	-1	1	-2
121	91	1673	1296	-1	1	-2
121	97	1673	1389	-1	1	-2
121	106	1673	1505	-1	-1	2
121	110	1673	1566	-1	1	-2
121	111	1673	1584	-1	1	-4
121	113	1673	1627	-1	1	-2
121	114	1673	1634	-1	-1	2
121	115	1673	1639	-1	-1	6
121	116	1673	1647	-1	-1	4
121	117	1673	1654	-1	-1	6
121	119	1673	1659	-1	-1	24
121	120	1673	1665	-1	-1	10
121	122	1673	1679	-1	-1	34
121	125	1673	1733	-1	1	-4
121	128	1673	1748	-1	-1	2
121	138	1673	1824	-1	1	-4
121	139	1673	1829	-1	1	-4
121	140	1673	1835	-1	1	-4
121	151	1673	1936	-1	-1	8
121	155	1673	1964	-1	-1	2
121	156	1673	1969	-1	-1	2
121	165	1673	2127	-1	-1	2
121	170	1673	2207	-1	-1	4
122	77	1679	1047	-1	-1	2
122	80	1679	1084	-1	1	-14
122	81	1679	1091	-1	1	2
122	82	1679	1094	-1	1	-8
122	84	1679	1112	-1	-1	6
122	88	1679	1245	-1	1	-6
122	93	1679	1319	-1	1	-4
122	94	1679	1344	-1	1	-2
122	97	1679	1389	-1	1	-2
122	98	1679	1395	-1	1	-6
122	100	1679	1408	-1	1	-6
122	101	1679	1409	-1	1	-4
122	103	1679	1454	-1	-1	8
122	105	1679	1494	-1	-1	6
122	106	1679	1505	-1	-1	18
122	107	1679	1518	-1	-1	16
122	109	1679	1558	-1	1	-8
122	110	1679	1566	-1	1	-28
122	111	1679	1584	-1	1	-18
122	112	1679	1618	-1	-1	28
122	113	1679	1627	-1	1	-2
122	114	1679	1634	-1	-1	20
122	115	1679	1639	-1	-1	4
122	116	1679	1647	-1	-1	42
122	117	1679	1654	-1	-1	56
122	119	1679	1659	-1	-1	76
122	120	1679	1665	-1	-1	20
122	121	1679	1673	-1	-1	34
122	123	1679	1699	-1	1	-12
122	124	1679	1716	-1	1	-16
122	125	1679	1733	-1	1	-56
122	126	1679	1737	-1	1	-8
122	127	1679	1740	-1	1	-4
122	128	1679	1748	-1	-1	10
122	131	1679	1774	-1	1	-4
122	133	1679	1785	-1	1	-2
122	135	1679	1811	-1	1	-4
122	136	1679	1815	-1	1	-14
122	137	1679	1820	-1	1	-6
122	138	1679	1824	-1	1	-18
122	139	1679	1829	-1	1	-12
122	140	1679	1835	-1	1	-6
122	146	1679	1898	-1	1	-4
122	149	1679	1916	-1	1	-4
122	150	1679	1928	-1	-1	2
122	155	1679	1964	-1	-1	4
122	156	1679	1969	-1	-1	4
122	158	1679	2011	-1	-1	4
122	160	1679	2079	-1	1	4
122	161	1679	2096	-1	1	-4
122	163	1679	2108	-1	-1	2
122	168	1679	2172	-1	-1	2
122	169	1679	2196	-1	-1	2
122	170	1679	2207	-1	-1	2
122	172	1679	2276	-1	1	-2
122	173	1679	2278	-1	1	2
122	174	1679	2287	-1	1	-2
123	80	1699	1084	1	1	4
123	105	1699	1494	1	-1	-2
123	106	1699	1505	1	-1	-4
123	111	1699	1584	1	1	4
123	115	1699	1639	1	-1	-8
123	116	1699	1647	1	-1	-2
123	117	1699	1654	1	-1	-4
123	119	1699	1659	1	-1	-4
123	120	1699	1665	1	-1	-8
123	122	1699	1679	1	-1	-12
123	124	1699	1716	1	1	32
123	125	1699	1733	1	1	82
123	126	1699	1737	1	1	6
123	132	1699	1777	1	1	2
123	135	1699	1811	1	1	4
123	136	1699	1815	1	1	6
123	137	1699	1820	1	1	2
123	138	1699	1824	1	1	2
123	149	1699	1916	1	1	2
123	155	1699	1964	1	-1	-4
123	156	1699	1969	1	-1	-6
123	163	1699	2108	1	-1	-4
123	168	1699	2172	1	-1	-2
123	169	1699	2196	1	-1	-4
123	174	1699	2287	1	1	2
124	104	1716	1483	1	-1	-4
124	106	1716	1505	1	-1	-2
124	114	1716	1634	1	-1	-24
124	116	1716	1647	1	-1	-4
124	122	1716	1679	1	-1	-16
124	123	1716	1699	1	1	32
124	125	1716	1733	1	1	88
124	126	1716	1737	1	1	4
124	132	1716	1777	1	1	2
124	137	1716	1820	1	1	4
124	138	1716	1824	1	1	6
124	139	1716	1829	1	1	-2
124	154	1716	1958	1	-1	-2
124	158	1716	2011	1	-1	-2
125	81	1733	1091	1	1	2
125	82	1733	1094	1	1	6
125	83	1733	1105	1	-1	-2
125	86	1733	1210	1	1	4
125	88	1733	1245	1	1	4
125	93	1733	1319	1	1	12
125	96	1733	1378	1	-1	-6
125	97	1733	1389	1	1	8
125	98	1733	1395	1	1	4
125	101	1733	1409	1	1	8
125	102	1733	1438	1	-1	-2
125	105	1733	1494	1	-1	-2
125	106	1733	1505	1	-1	-2
125	107	1733	1518	1	-1	-8
125	109	1733	1558	1	1	4
125	110	1733	1566	1	1	14
125	111	1733	1584	1	1	4
125	112	1733	1618	1	-1	-14
125	113	1733	1627	1	1	2
125	114	1733	1634	1	-1	-12
125	115	1733	1639	1	-1	-2
125	116	1733	1647	1	-1	-18
125	117	1733	1654	1	-1	-6
125	119	1733	1659	1	-1	-16
125	121	1733	1673	1	-1	-4
125	122	1733	1679	1	-1	-56
125	123	1733	1699	1	1	82
125	124	1733	1716	1	1	88
125	126	1733	1737	1	1	140
125	127	1733	1740	1	1	28
125	129	1733	1753	1	-1	-10
125	130	1733	1761	1	1	2
125	131	1733	1774	1	1	20
125	132	1733	1777	1	1	36
125	133	1733	1785	1	1	2
125	134	1733	1804	1	1	12
125	135	1733	1811	1	1	8
125	136	1733	1815	1	1	20
125	137	1733	1820	1	1	10
125	138	1733	1824	1	1	20
125	139	1733	1829	1	1	2
125	142	1733	1860	1	1	2
125	144	1733	1890	1	1	2
125	146	1733	1898	1	1	2
125	149	1733	1916	1	1	2
125	151	1733	1936	1	-1	2
125	152	1733	1943	1	-1	-10
125	153	1733	1948	1	-1	-2
125	154	1733	1958	1	-1	-6
125	155	1733	1964	1	-1	-14
125	158	1733	2011	1	-1	-14
125	159	1733	2049	1	-1	-2
125	160	1733	2079	1	1	4
125	161	1733	2096	1	1	6
125	163	1733	2108	1	-1	-4
125	168	1733	2172	1	-1	-4
125	170	1733	2207	1	-1	-8
125	173	1733	2278	1	1	2
125	174	1733	2287	1	1	6
126	84	1737	1112	1	-1	-2
126	88	1737	1245	1	1	2
126	89	1737	1254	1	1	4
126	95	1737	1365	1	-1	-6
126	100	1737	1408	1	1	4
126	106	1737	1505	1	-1	-4
126	107	1737	1518	1	-1	-8
126	110	1737	1566	1	1	6
126	112	1737	1618	1	-1	-2
126	116	1737	1647	1	-1	-2
126	117	1737	1654	1	-1	-2
126	119	1737	1659	1	-1	-6
126	122	1737	1679	1	-1	-8
126	123	1737	1699	1	1	6
126	124	1737	1716	1	1	4
126	125	1737	1733	1	1	140
126	127	1737	1740	1	1	20
126	128	1737	1748	1	-1	-8
126	129	1737	1753	1	-1	-8
126	130	1737	1761	1	1	4
126	132	1737	1777	1	1	28
126	133	1737	1785	1	1	2
126	134	1737	1804	1	1	2
126	135	1737	1811	1	1	6
126	136	1737	1815	1	1	10
126	138	1737	1824	1	1	10
126	142	1737	1860	1	1	2
126	151	1737	1936	1	-1	-2
126	158	1737	2011	1	-1	-2
126	160	1737	2079	1	1	6
126	162	1737	2101	1	-1	-2
126	176	1737	2303	1	-1	-2
127	106	1740	1505	1	-1	-2
127	110	1740	1566	1	1	2
127	112	1740	1618	1	-1	-2
127	113	1740	1627	1	1	2
127	116	1740	1647	1	-1	-4
127	122	1740	1679	1	-1	-4
127	125	1740	1733	1	1	28
127	126	1740	1737	1	1	20
127	128	1740	1748	1	-1	-14
127	129	1740	1753	1	-1	-14
127	130	1740	1761	1	1	2
127	131	1740	1774	1	1	4
127	132	1740	1777	1	1	6
127	134	1740	1804	1	1	2
127	135	1740	1811	1	1	4
127	136	1740	1815	1	1	6
127	138	1740	1824	1	1	8
127	139	1740	1829	1	1	4
127	152	1740	1943	1	-1	-6
127	158	1740	2011	1	-1	-4
127	161	1740	2096	1	1	2
127	169	1740	2196	1	-1	-2
128	97	1748	1389	-1	1	-6
128	100	1748	1408	-1	1	-8
128	107	1748	1518	-1	-1	2
128	110	1748	1566	-1	1	-2
128	121	1748	1673	-1	-1	2
128	122	1748	1679	-1	-1	10
128	126	1748	1737	-1	1	-8
128	127	1748	1740	-1	1	-14
128	129	1748	1753	-1	-1	22
128	130	1748	1761	-1	1	-4
128	131	1748	1774	-1	1	-10
128	132	1748	1777	-1	1	-12
128	134	1748	1804	-1	1	-6
128	135	1748	1811	-1	1	-2
128	138	1748	1824	-1	1	-4
128	139	1748	1829	-1	1	-12
128	148	1748	1903	-1	1	-2
128	157	1748	1977	-1	-1	2
128	169	1748	2196	-1	-1	4
128	171	1748	2224	-1	-1	8
129	88	1753	1245	-1	1	-4
129	100	1753	1408	-1	1	-4
129	107	1753	1518	-1	-1	2
129	110	1753	1566	-1	1	-2
129	113	1753	1627	-1	1	-2
129	117	1753	1654	-1	-1	2
129	125	1753	1733	-1	1	-10
129	126	1753	1737	-1	1	-8
129	127	1753	1740	-1	1	-14
129	128	1753	1748	-1	-1	22
129	130	1753	1761	-1	1	-14
129	131	1753	1774	-1	1	-14
129	132	1753	1777	-1	1	-10
129	133	1753	1785	-1	1	-4
129	134	1753	1804	-1	1	-4
129	136	1753	1815	-1	1	-10
129	137	1753	1820	-1	1	-2
129	138	1753	1824	-1	1	-6
129	139	1753	1829	-1	1	-16
129	140	1753	1835	-1	1	-2
129	169	1753	2196	-1	-1	2
130	106	1761	1505	1	-1	-4
130	112	1761	1618	1	-1	-4
130	116	1761	1647	1	-1	-2
130	119	1761	1659	1	-1	-4
130	125	1761	1733	1	1	2
130	126	1761	1737	1	1	4
130	127	1761	1740	1	1	2
130	128	1761	1748	1	-1	-4
130	129	1761	1753	1	-1	-14
130	131	1761	1774	1	1	16
130	132	1761	1777	1	1	12
130	134	1761	1804	1	1	10
130	137	1761	1820	1	1	6
130	138	1761	1824	1	1	2
130	148	1761	1903	1	1	2
131	87	1774	1217	1	1	2
131	100	1774	1408	1	1	2
131	106	1774	1505	1	-1	-4
131	112	1774	1618	1	-1	-4
131	117	1774	1654	1	-1	-4
131	119	1774	1659	1	-1	-2
131	122	1774	1679	1	-1	-4
131	125	1774	1733	1	1	20
131	127	1774	1740	1	1	4
131	128	1774	1748	1	-1	-10
131	129	1774	1753	1	-1	-14
131	130	1774	1761	1	1	16
131	132	1774	1777	1	1	44
131	133	1774	1785	1	1	4
131	134	1774	1804	1	1	24
131	136	1774	1815	1	1	6
131	137	1774	1820	1	1	2
131	138	1774	1824	1	1	4
131	139	1774	1829	1	1	4
131	140	1774	1835	1	1	2
131	144	1774	1890	1	1	2
131	147	1774	1902	1	1	2
131	148	1774	1903	1	1	2
131	150	1774	1928	1	-1	-2
131	151	1774	1936	1	-1	-2
131	155	1774	1964	1	-1	-2
131	168	1774	2172	1	-1	-4
132	86	1777	1210	1	1	-4
132	88	1777	1245	1	1	8
132	89	1777	1254	1	1	2
132	93	1777	1319	1	1	4
132	96	1777	1378	1	-1	-2
132	100	1777	1408	1	1	6
132	101	1777	1409	1	1	2
132	106	1777	1505	1	-1	-6
132	107	1777	1518	1	-1	-10
132	110	1777	1566	1	1	4
132	112	1777	1618	1	-1	-8
132	114	1777	1634	1	-1	-4
132	123	1777	1699	1	1	2
132	124	1777	1716	1	1	2
132	125	1777	1733	1	1	36
132	126	1777	1737	1	1	28
132	127	1777	1740	1	1	6
132	128	1777	1748	1	-1	-12
132	129	1777	1753	1	-1	-10
132	130	1777	1761	1	1	12
132	131	1777	1774	1	1	44
132	133	1777	1785	1	1	10
132	134	1777	1804	1	1	6
132	135	1777	1811	1	1	8
132	136	1777	1815	1	1	14
132	137	1777	1820	1	1	10
132	138	1777	1824	1	1	38
132	139	1777	1829	1	1	8
132	142	1777	1860	1	1	2
132	144	1777	1890	1	1	4
132	149	1777	1916	1	1	6
132	150	1777	1928	1	-1	-4
132	152	1777	1943	1	-1	-2
132	154	1777	1958	1	-1	-8
132	155	1777	1964	1	-1	-4
132	158	1777	2011	1	-1	-4
132	169	1777	2196	1	-1	-4
132	172	1777	2276	1	1	-2
133	86	1785	1210	1	1	2
133	102	1785	1438	1	-1	-2
133	106	1785	1505	1	-1	-2
133	122	1785	1679	1	-1	-2
133	125	1785	1733	1	1	2
133	126	1785	1737	1	1	2
133	129	1785	1753	1	-1	-4
133	131	1785	1774	1	1	4
133	132	1785	1777	1	1	10
133	134	1785	1804	1	1	2
133	136	1785	1815	1	1	6
133	138	1785	1824	1	1	6
133	139	1785	1829	1	1	2
133	149	1785	1916	1	1	2
133	158	1785	2011	1	-1	-4
133	174	1785	2287	1	1	2
134	88	1804	1245	1	1	4
134	93	1804	1319	1	1	4
134	100	1804	1408	1	1	2
134	101	1804	1409	1	1	2
134	106	1804	1505	1	-1	-4
134	116	1804	1647	1	-1	-2
134	117	1804	1654	1	-1	-4
134	125	1804	1733	1	1	12
134	126	1804	1737	1	1	2
134	127	1804	1740	1	1	2
134	128	1804	1748	1	-1	-6
134	129	1804	1753	1	-1	-4
134	130	1804	1761	1	1	10
134	131	1804	1774	1	1	24
134	132	1804	1777	1	1	6
134	133	1804	1785	1	1	2
134	135	1804	1811	1	1	8
134	136	1804	1815	1	1	16
134	137	1804	1820	1	1	12
134	138	1804	1824	1	1	30
134	139	1804	1829	1	1	22
134	140	1804	1835	1	1	4
134	148	1804	1903	1	1	6
134	151	1804	1936	1	-1	-6
134	152	1804	1943	1	-1	-4
134	154	1804	1958	1	-1	-2
134	155	1804	1964	1	-1	-2
134	156	1804	1969	1	-1	-2
134	169	1804	2196	1	-1	-2
134	172	1804	2276	1	1	2
135	93	1811	1319	1	1	2
135	122	1811	1679	1	-1	-4
135	123	1811	1699	1	1	4
135	125	1811	1733	1	1	8
135	126	1811	1737	1	1	6
135	127	1811	1740	1	1	4
135	128	1811	1748	1	-1	-2
135	132	1811	1777	1	1	8
135	134	1811	1804	1	1	8
135	136	1811	1815	1	1	28
135	137	1811	1820	1	1	14
135	138	1811	1824	1	1	38
135	139	1811	1829	1	1	2
135	140	1811	1835	1	1	2
135	151	1811	1936	1	-1	-4
135	152	1811	1943	1	-1	-6
135	154	1811	1958	1	-1	-2
135	174	1811	2287	1	1	4
136	89	1815	1254	1	1	8
136	106	1815	1505	1	-1	-6
136	107	1815	1518	1	-1	-6
136	112	1815	1618	1	-1	-8
136	117	1815	1654	1	-1	-2
136	122	1815	1679	1	-1	-14
136	123	1815	1699	1	1	6
136	125	1815	1733	1	1	20
136	126	1815	1737	1	1	10
136	127	1815	1740	1	1	6
136	129	1815	1753	1	-1	-10
136	131	1815	1774	1	1	6
136	132	1815	1777	1	1	14
136	133	1815	1785	1	1	6
136	134	1815	1804	1	1	16
136	135	1815	1811	1	1	28
136	137	1815	1820	1	1	98
136	138	1815	1824	1	1	40
136	139	1815	1829	1	1	16
136	140	1815	1835	1	1	6
136	151	1815	1936	1	-1	-2
136	152	1815	1943	1	-1	-22
136	154	1815	1958	1	-1	-6
136	155	1815	1964	1	-1	-2
136	156	1815	1969	1	-1	-6
136	158	1815	2011	1	-1	-6
136	162	1815	2101	1	-1	-2
136	170	1815	2207	1	-1	-4
137	89	1820	1254	1	1	2
137	93	1820	1319	1	1	2
137	94	1820	1344	1	1	2
137	98	1820	1395	1	1	2
137	105	1820	1494	1	-1	-2
137	106	1820	1505	1	-1	-8
137	116	1820	1647	1	-1	-2
137	117	1820	1654	1	-1	-2
137	119	1820	1659	1	-1	-12
137	122	1820	1679	1	-1	-6
137	123	1820	1699	1	1	2
137	124	1820	1716	1	1	4
137	125	1820	1733	1	1	10
137	129	1820	1753	1	-1	-2
137	130	1820	1761	1	1	6
137	131	1820	1774	1	1	2
137	132	1820	1777	1	1	10
137	134	1820	1804	1	1	12
137	135	1820	1811	1	1	14
137	136	1820	1815	1	1	98
137	138	1820	1824	1	1	74
137	139	1820	1829	1	1	8
137	144	1820	1890	1	1	2
137	149	1820	1916	1	1	4
137	150	1820	1928	1	-1	-2
137	151	1820	1936	1	-1	-2
137	152	1820	1943	1	-1	-2
137	154	1820	1958	1	-1	-2
137	155	1820	1964	1	-1	-4
137	169	1820	2196	1	-1	-2
137	170	1820	2207	1	-1	-2
137	174	1820	2287	1	1	4
138	89	1824	1254	1	1	2
138	94	1824	1344	1	1	8
138	98	1824	1395	1	1	6
138	100	1824	1408	1	1	6
138	101	1824	1409	1	1	4
138	102	1824	1438	1	-1	-4
138	105	1824	1494	1	-1	-2
138	106	1824	1505	1	-1	-2
138	107	1824	1518	1	-1	-10
138	110	1824	1566	1	1	2
138	111	1824	1584	1	1	4
138	112	1824	1618	1	-1	-4
138	113	1824	1627	1	1	2
138	114	1824	1634	1	-1	-2
138	115	1824	1639	1	-1	-2
138	116	1824	1647	1	-1	-6
138	117	1824	1654	1	-1	-2
138	121	1824	1673	1	-1	-4
138	122	1824	1679	1	-1	-18
138	123	1824	1699	1	1	2
138	124	1824	1716	1	1	6
138	125	1824	1733	1	1	20
138	126	1824	1737	1	1	10
138	127	1824	1740	1	1	8
138	128	1824	1748	1	-1	-4
138	129	1824	1753	1	-1	-6
138	130	1824	1761	1	1	2
138	131	1824	1774	1	1	4
138	132	1824	1777	1	1	38
138	133	1824	1785	1	1	6
138	134	1824	1804	1	1	30
138	135	1824	1811	1	1	38
138	136	1824	1815	1	1	40
138	137	1824	1820	1	1	74
138	139	1824	1829	1	1	80
138	140	1824	1835	1	1	18
138	142	1824	1860	1	1	6
138	145	1824	1895	1	1	4
138	146	1824	1898	1	1	2
138	148	1824	1903	1	1	6
138	149	1824	1916	1	1	6
138	151	1824	1936	1	-1	-10
138	152	1824	1943	1	-1	-12
138	154	1824	1958	1	-1	-2
138	155	1824	1964	1	-1	-6
138	156	1824	1969	1	-1	-6
138	157	1824	1977	1	-1	-2
138	158	1824	2011	1	-1	-16
138	160	1824	2079	1	1	2
138	161	1824	2096	1	1	4
138	169	1824	2196	1	-1	-2
138	170	1824	2207	1	-1	-2
138	172	1824	2276	1	1	2
139	93	1829	1319	1	1	6
139	94	1829	1344	1	1	20
139	95	1829	1365	1	-1	-2
139	98	1829	1395	1	1	16
139	100	1829	1408	1	1	16
139	101	1829	1409	1	1	6
139	105	1829	1494	1	-1	-2
139	106	1829	1505	1	-1	-8
139	109	1829	1558	1	1	2
139	110	1829	1566	1	1	4
139	111	1829	1584	1	1	6
139	112	1829	1618	1	-1	-2
139	119	1829	1659	1	-1	-8
139	121	1829	1673	1	-1	-4
139	122	1829	1679	1	-1	-12
139	124	1829	1716	1	1	-2
139	125	1829	1733	1	1	2
139	127	1829	1740	1	1	4
139	128	1829	1748	1	-1	-12
139	129	1829	1753	1	-1	-16
139	131	1829	1774	1	1	4
139	132	1829	1777	1	1	8
139	133	1829	1785	1	1	2
139	134	1829	1804	1	1	22
139	135	1829	1811	1	1	2
139	136	1829	1815	1	1	16
139	137	1829	1820	1	1	8
139	138	1829	1824	1	1	80
139	140	1829	1835	1	1	136
139	141	1829	1847	1	1	6
139	142	1829	1860	1	1	22
139	143	1829	1878	1	1	6
139	144	1829	1890	1	1	22
139	145	1829	1895	1	1	14
139	146	1829	1898	1	1	8
139	147	1829	1902	1	1	12
139	148	1829	1903	1	1	24
139	149	1829	1916	1	1	54
139	150	1829	1928	1	-1	-18
139	151	1829	1936	1	-1	-34
139	152	1829	1943	1	-1	-22
139	154	1829	1958	1	-1	-8
139	155	1829	1964	1	-1	-14
139	156	1829	1969	1	-1	-4
139	158	1829	2011	1	-1	-8
139	159	1829	2049	1	-1	-2
139	160	1829	2079	1	1	4
139	163	1829	2108	1	-1	-4
139	168	1829	2172	1	-1	-2
139	169	1829	2196	1	-1	-20
139	171	1829	2224	1	-1	-2
139	172	1829	2276	1	1	4
139	174	1829	2287	1	1	-6
140	94	1835	1344	1	1	42
140	96	1835	1378	1	-1	-4
140	97	1835	1389	1	1	2
140	100	1835	1408	1	1	4
140	101	1835	1409	1	1	6
140	103	1835	1454	1	-1	-2
140	104	1835	1483	1	-1	-2
140	111	1835	1584	1	1	2
140	114	1835	1634	1	-1	-2
140	117	1835	1654	1	-1	-4
140	119	1835	1659	1	-1	-2
140	121	1835	1673	1	-1	-4
140	122	1835	1679	1	-1	-6
140	129	1835	1753	1	-1	-2
140	131	1835	1774	1	1	2
140	134	1835	1804	1	1	4
140	135	1835	1811	1	1	2
140	136	1835	1815	1	1	6
140	138	1835	1824	1	1	18
140	139	1835	1829	1	1	136
140	141	1835	1847	1	1	2
140	142	1835	1860	1	1	44
140	144	1835	1890	1	1	20
140	145	1835	1895	1	1	22
140	146	1835	1898	1	1	28
140	147	1835	1902	1	1	18
140	148	1835	1903	1	1	40
140	149	1835	1916	1	1	30
140	150	1835	1928	1	-1	-8
140	151	1835	1936	1	-1	-8
140	152	1835	1943	1	-1	-6
140	155	1835	1964	1	-1	-10
140	156	1835	1969	1	-1	-2
140	157	1835	1977	1	-1	-4
140	158	1835	2011	1	-1	-16
140	163	1835	2108	1	-1	-8
140	170	1835	2207	1	-1	2
140	172	1835	2276	1	1	2
140	173	1835	2278	1	1	2
140	174	1835	2287	1	1	2
141	94	1847	1344	1	1	2
141	107	1847	1518	1	-1	-4
141	139	1847	1829	1	1	6
141	140	1847	1835	1	1	2
141	142	1847	1860	1	1	6
141	144	1847	1890	1	1	4
141	148	1847	1903	1	1	4
142	94	1860	1344	1	1	4
142	95	1860	1365	1	-1	-4
142	100	1860	1408	1	1	6
142	106	1860	1505	1	-1	-2
142	110	1860	1566	1	1	4
142	125	1860	1733	1	1	2
142	126	1860	1737	1	1	2
142	132	1860	1777	1	1	2
142	138	1860	1824	1	1	6
142	139	1860	1829	1	1	22
142	140	1860	1835	1	1	44
142	141	1860	1847	1	1	6
142	144	1860	1890	1	1	10
142	146	1860	1898	1	1	8
142	147	1860	1902	1	1	2
142	148	1860	1903	1	1	4
142	150	1860	1928	1	-1	-2
142	152	1860	1943	1	-1	-2
142	155	1860	1964	1	-1	-2
142	161	1860	2096	1	1	4
142	172	1860	2276	1	1	2
143	139	1878	1829	1	1	6
143	144	1878	1890	1	1	2
143	145	1878	1895	1	1	2
143	148	1878	1903	1	1	2
144	98	1890	1395	1	1	8
144	100	1890	1408	1	1	2
144	120	1890	1665	1	-1	-2
144	125	1890	1733	1	1	2
144	131	1890	1774	1	1	2
144	132	1890	1777	1	1	4
144	137	1890	1820	1	1	2
144	139	1890	1829	1	1	22
144	140	1890	1835	1	1	20
144	141	1890	1847	1	1	4
144	142	1890	1860	1	1	10
144	143	1890	1878	1	1	2
144	145	1890	1895	1	1	20
144	146	1890	1898	1	1	12
144	147	1890	1902	1	1	6
144	148	1890	1903	1	1	4
144	149	1890	1916	1	1	6
144	150	1890	1928	1	-1	-2
144	151	1890	1936	1	-1	-6
144	155	1890	1964	1	-1	-6
145	95	1895	1365	1	-1	-2
145	117	1895	1654	1	-1	-2
145	138	1895	1824	1	1	4
145	139	1895	1829	1	1	14
145	140	1895	1835	1	1	22
145	143	1895	1878	1	1	2
145	144	1895	1890	1	1	20
145	146	1895	1898	1	1	36
145	147	1895	1902	1	1	10
145	148	1895	1903	1	1	36
145	149	1895	1916	1	1	4
145	151	1895	1936	1	-1	-2
145	174	1895	2287	1	1	2
146	95	1898	1365	1	-1	-2
146	100	1898	1408	1	1	6
146	101	1898	1409	1	1	2
146	105	1898	1494	1	-1	-2
146	107	1898	1518	1	-1	-2
146	114	1898	1634	1	-1	-4
146	122	1898	1679	1	-1	-4
146	125	1898	1733	1	1	2
146	138	1898	1824	1	1	2
146	139	1898	1829	1	1	8
146	140	1898	1835	1	1	28
146	142	1898	1860	1	1	8
146	144	1898	1890	1	1	12
146	145	1898	1895	1	1	36
146	147	1898	1902	1	1	10
146	148	1898	1903	1	1	18
146	149	1898	1916	1	1	4
146	151	1898	1936	1	-1	-6
146	154	1898	1958	1	-1	-6
146	156	1898	1969	1	-1	-2
146	157	1898	1977	1	-1	-2
146	168	1898	2172	1	-1	-2
147	131	1902	1774	1	1	2
147	139	1902	1829	1	1	12
147	140	1902	1835	1	1	18
147	142	1902	1860	1	1	2
147	144	1902	1890	1	1	6
147	145	1902	1895	1	1	10
147	146	1902	1898	1	1	10
147	148	1902	1903	1	1	26
147	149	1902	1916	1	1	4
147	152	1902	1943	1	-1	-2
147	156	1902	1969	1	-1	-6
147	174	1902	2287	1	1	2
148	96	1903	1378	1	-1	-4
148	100	1903	1408	1	1	4
148	102	1903	1438	1	-1	-4
148	105	1903	1494	1	-1	-2
148	106	1903	1505	1	-1	-8
148	114	1903	1634	1	-1	-2
148	116	1903	1647	1	-1	-2
148	128	1903	1748	1	-1	-2
148	130	1903	1761	1	1	2
148	131	1903	1774	1	1	2
148	134	1903	1804	1	1	6
148	138	1903	1824	1	1	6
148	139	1903	1829	1	1	24
148	140	1903	1835	1	1	40
148	141	1903	1847	1	1	4
148	142	1903	1860	1	1	4
148	143	1903	1878	1	1	2
148	144	1903	1890	1	1	4
148	145	1903	1895	1	1	36
148	146	1903	1898	1	1	18
148	147	1903	1902	1	1	26
148	149	1903	1916	1	1	46
148	150	1903	1928	1	-1	-2
148	151	1903	1936	1	-1	-4
148	152	1903	1943	1	-1	-2
148	153	1903	1948	1	-1	-2
148	155	1903	1964	1	-1	-2
148	156	1903	1969	1	-1	-4
148	157	1903	1977	1	-1	-2
148	158	1903	2011	1	-1	-2
149	100	1916	1408	1	1	8
149	107	1916	1518	1	-1	-2
149	110	1916	1566	1	1	2
149	111	1916	1584	1	1	2
149	112	1916	1618	1	-1	-8
149	122	1916	1679	1	-1	-4
149	123	1916	1699	1	1	2
149	125	1916	1733	1	1	2
149	132	1916	1777	1	1	6
149	133	1916	1785	1	1	2
149	137	1916	1820	1	1	4
149	138	1916	1824	1	1	6
149	139	1916	1829	1	1	54
149	140	1916	1835	1	1	30
149	144	1916	1890	1	1	6
149	145	1916	1895	1	1	4
149	146	1916	1898	1	1	4
149	147	1916	1902	1	1	4
149	148	1916	1903	1	1	46
149	150	1916	1928	1	-1	-20
149	151	1916	1936	1	-1	-54
149	152	1916	1943	1	-1	-14
149	154	1916	1958	1	-1	-4
149	155	1916	1964	1	-1	-16
149	156	1916	1969	1	-1	-2
149	158	1916	2011	1	-1	-8
149	168	1916	2172	1	-1	2
149	169	1916	2196	1	-1	-2
150	101	1928	1409	-1	1	-2
150	106	1928	1505	-1	-1	4
150	119	1928	1659	-1	-1	2
150	122	1928	1679	-1	-1	2
150	131	1928	1774	-1	1	-2
150	132	1928	1777	-1	1	-4
150	137	1928	1820	-1	1	-2
150	139	1928	1829	-1	1	-18
150	140	1928	1835	-1	1	-8
150	142	1928	1860	-1	1	-2
150	144	1928	1890	-1	1	-2
150	148	1928	1903	-1	1	-2
150	149	1928	1916	-1	1	-20
150	151	1928	1936	-1	-1	60
150	152	1928	1943	-1	-1	36
150	154	1928	1958	-1	-1	8
150	155	1928	1964	-1	-1	12
150	156	1928	1969	-1	-1	4
150	158	1928	2011	-1	-1	6
150	165	1928	2127	-1	-1	2
150	172	1928	2276	-1	1	-2
151	100	1936	1408	-1	1	-20
151	101	1936	1409	-1	1	2
151	102	1936	1438	-1	-1	2
151	106	1936	1505	-1	-1	8
151	110	1936	1566	-1	1	-6
151	111	1936	1584	-1	1	-2
151	116	1936	1647	-1	-1	6
151	119	1936	1659	-1	-1	4
151	120	1936	1665	-1	-1	2
151	121	1936	1673	-1	-1	8
151	125	1936	1733	-1	1	2
151	126	1936	1737	-1	1	-2
151	131	1936	1774	-1	1	-2
151	134	1936	1804	-1	1	-6
151	135	1936	1811	-1	1	-4
151	136	1936	1815	-1	1	-2
151	137	1936	1820	-1	1	-2
151	138	1936	1824	-1	1	-10
151	139	1936	1829	-1	1	-34
151	140	1936	1835	-1	1	-8
151	144	1936	1890	-1	1	-6
151	145	1936	1895	-1	1	-2
151	146	1936	1898	-1	1	-6
151	148	1936	1903	-1	1	-4
151	149	1936	1916	-1	1	-54
151	150	1936	1928	-1	-1	60
151	152	1936	1943	-1	-1	68
151	153	1936	1948	-1	-1	4
151	154	1936	1958	-1	-1	10
151	155	1936	1964	-1	-1	68
151	156	1936	1969	-1	-1	8
151	157	1936	1977	-1	-1	4
151	158	1936	2011	-1	-1	10
151	159	1936	2049	-1	-1	2
151	164	1936	2115	-1	-1	2
151	169	1936	2196	-1	-1	2
151	173	1936	2278	-1	1	-2
151	174	1936	2287	-1	1	-4
152	100	1943	1408	-1	1	-8
152	101	1943	1409	-1	1	-14
152	102	1943	1438	-1	-1	2
152	106	1943	1505	-1	-1	2
152	109	1943	1558	-1	1	-4
152	110	1943	1566	-1	1	-2
152	111	1943	1584	-1	1	-2
152	116	1943	1647	-1	-1	10
152	117	1943	1654	-1	-1	2
152	125	1943	1733	-1	1	-10
152	127	1943	1740	-1	1	-6
152	132	1943	1777	-1	1	-2
152	134	1943	1804	-1	1	-4
152	135	1943	1811	-1	1	-6
152	136	1943	1815	-1	1	-22
152	137	1943	1820	-1	1	-2
152	138	1943	1824	-1	1	-12
152	139	1943	1829	-1	1	-22
152	140	1943	1835	-1	1	-6
152	142	1943	1860	-1	1	-2
152	147	1943	1902	-1	1	-2
152	148	1943	1903	-1	1	-2
152	149	1943	1916	-1	1	-14
152	150	1943	1928	-1	-1	36
152	151	1943	1936	-1	-1	68
152	153	1943	1948	-1	-1	8
152	154	1943	1958	-1	-1	46
152	155	1943	1964	-1	-1	84
152	156	1943	1969	-1	-1	8
152	157	1943	1977	-1	-1	4
152	158	1943	2011	-1	-1	22
152	159	1943	2049	-1	-1	8
152	161	1943	2096	-1	1	-2
152	163	1943	2108	-1	-1	18
152	169	1943	2196	-1	-1	2
152	170	1943	2207	-1	-1	6
153	106	1948	1505	-1	-1	2
153	125	1948	1733	-1	1	-2
153	148	1948	1903	-1	1	-2
153	151	1948	1936	-1	-1	4
153	152	1948	1943	-1	-1	8
153	154	1948	1958	-1	-1	4
153	155	1948	1964	-1	-1	10
153	156	1948	1969	-1	-1	2
154	102	1958	1438	-1	-1	2
154	105	1958	1494	-1	-1	-4
154	109	1958	1558	-1	1	-2
154	124	1958	1716	-1	1	-2
154	125	1958	1733	-1	1	-6
154	132	1958	1777	-1	1	-8
154	134	1958	1804	-1	1	-2
154	135	1958	1811	-1	1	-2
154	136	1958	1815	-1	1	-6
154	137	1958	1820	-1	1	-2
154	138	1958	1824	-1	1	-2
154	139	1958	1829	-1	1	-8
154	146	1958	1898	-1	1	-6
154	149	1958	1916	-1	1	-4
154	150	1958	1928	-1	-1	8
154	151	1958	1936	-1	-1	10
154	152	1958	1943	-1	-1	46
154	153	1958	1948	-1	-1	4
154	155	1958	1964	-1	-1	76
154	156	1958	1969	-1	-1	8
154	157	1958	1977	-1	-1	6
154	158	1958	2011	-1	-1	12
154	159	1958	2049	-1	-1	2
154	160	1958	2079	-1	1	-2
154	163	1958	2108	-1	-1	2
154	165	1958	2127	-1	-1	2
154	167	1958	2152	-1	1	-12
154	170	1958	2207	-1	-1	4
155	101	1964	1409	-1	1	-4
155	105	1964	1494	-1	-1	2
155	106	1964	1505	-1	-1	2
155	107	1964	1518	-1	-1	2
155	108	1964	1537	-1	-1	4
155	110	1964	1566	-1	1	-2
155	112	1964	1618	-1	-1	8
155	116	1964	1647	-1	-1	2
155	117	1964	1654	-1	-1	4
155	119	1964	1659	-1	-1	4
155	121	1964	1673	-1	-1	2
155	122	1964	1679	-1	-1	4
155	123	1964	1699	-1	1	-4
155	125	1964	1733	-1	1	-14
155	131	1964	1774	-1	1	-2
155	132	1964	1777	-1	1	-4
155	134	1964	1804	-1	1	-2
155	136	1964	1815	-1	1	-2
155	137	1964	1820	-1	1	-4
155	138	1964	1824	-1	1	-6
155	139	1964	1829	-1	1	-14
155	140	1964	1835	-1	1	-10
155	142	1964	1860	-1	1	-2
155	144	1964	1890	-1	1	-6
155	148	1964	1903	-1	1	-2
155	149	1964	1916	-1	1	-16
155	150	1964	1928	-1	-1	12
155	151	1964	1936	-1	-1	68
155	152	1964	1943	-1	-1	84
155	153	1964	1948	-1	-1	10
155	154	1964	1958	-1	-1	76
155	156	1964	1969	-1	-1	54
155	157	1964	1977	-1	-1	38
155	158	1964	2011	-1	-1	80
155	159	1964	2049	-1	-1	2
155	163	1964	2108	-1	-1	10
155	166	1964	2140	-1	-1	6
155	168	1964	2172	-1	-1	8
155	169	1964	2196	-1	-1	14
155	170	1964	2207	-1	-1	-12
155	172	1964	2276	-1	1	-2
155	173	1964	2278	-1	1	-6
155	174	1964	2287	-1	1	-8
156	119	1969	1659	-1	-1	10
156	121	1969	1673	-1	-1	2
156	122	1969	1679	-1	-1	4
156	123	1969	1699	-1	1	-6
156	134	1969	1804	-1	1	-2
156	136	1969	1815	-1	1	-6
156	138	1969	1824	-1	1	-6
156	139	1969	1829	-1	1	-4
156	140	1969	1835	-1	1	-2
156	146	1969	1898	-1	1	-2
156	147	1969	1902	-1	1	-6
156	148	1969	1903	-1	1	-4
156	149	1969	1916	-1	1	-2
156	150	1969	1928	-1	-1	4
156	151	1969	1936	-1	-1	8
156	152	1969	1943	-1	-1	8
156	153	1969	1948	-1	-1	2
156	154	1969	1958	-1	-1	8
156	155	1969	1964	-1	-1	54
156	157	1969	1977	-1	-1	42
156	158	1969	2011	-1	-1	14
156	159	1969	2049	-1	-1	2
156	161	1969	2096	-1	1	-4
156	163	1969	2108	-1	-1	2
156	165	1969	2127	-1	-1	2
157	107	1977	1518	-1	-1	4
157	128	1977	1748	-1	-1	2
157	138	1977	1824	-1	1	-2
157	140	1977	1835	-1	1	-4
157	146	1977	1898	-1	1	-2
157	148	1977	1903	-1	1	-2
157	151	1977	1936	-1	-1	4
157	152	1977	1943	-1	-1	4
157	154	1977	1958	-1	-1	6
157	155	1977	1964	-1	-1	38
157	156	1977	1969	-1	-1	42
157	158	1977	2011	-1	-1	8
157	163	1977	2108	-1	-1	4
157	168	1977	2172	-1	-1	4
157	173	1977	2278	-1	1	-2
158	106	2011	1505	-1	-1	12
158	107	2011	1518	-1	-1	4
158	111	2011	1584	-1	1	-2
158	112	2011	1618	-1	-1	10
158	117	2011	1654	-1	-1	6
158	119	2011	1659	-1	-1	4
158	120	2011	1665	-1	-1	2
158	122	2011	1679	-1	-1	4
158	124	2011	1716	-1	1	-2
158	125	2011	1733	-1	1	-14
158	126	2011	1737	-1	1	-2
158	127	2011	1740	-1	1	-4
158	132	2011	1777	-1	1	-4
158	133	2011	1785	-1	1	-4
158	136	2011	1815	-1	1	-6
158	138	2011	1824	-1	1	-16
158	139	2011	1829	-1	1	-8
158	140	2011	1835	-1	1	-16
158	148	2011	1903	-1	1	-2
158	149	2011	1916	-1	1	-8
158	150	2011	1928	-1	-1	6
158	151	2011	1936	-1	-1	10
158	152	2011	1943	-1	-1	22
158	154	2011	1958	-1	-1	12
158	155	2011	1964	-1	-1	80
158	156	2011	1969	-1	-1	14
158	157	2011	1977	-1	-1	8
158	159	2011	2049	-1	-1	20
158	161	2011	2096	-1	1	-14
158	162	2011	2101	-1	-1	2
158	163	2011	2108	-1	-1	8
158	165	2011	2127	-1	-1	6
158	168	2011	2172	-1	-1	14
158	169	2011	2196	-1	-1	10
158	174	2011	2287	-1	1	-8
159	125	2049	1733	-1	1	-2
159	139	2049	1829	-1	1	-2
159	151	2049	1936	-1	-1	2
159	152	2049	1943	-1	-1	8
159	154	2049	1958	-1	-1	2
159	155	2049	1964	-1	-1	2
159	156	2049	1969	-1	-1	2
159	158	2049	2011	-1	-1	20
159	160	2049	2079	-1	1	-14
159	161	2049	2096	-1	1	-2
159	163	2049	2108	-1	-1	2
159	166	2049	2140	-1	-1	4
159	168	2049	2172	-1	-1	4
160	114	2079	1634	1	-1	-4
160	122	2079	1679	1	-1	4
160	125	2079	1733	1	1	4
160	126	2079	1737	1	1	6
160	138	2079	1824	1	1	2
160	139	2079	1829	1	1	4
160	154	2079	1958	1	-1	-2
160	159	2079	2049	1	-1	-14
160	161	2079	2096	1	1	12
160	162	2079	2101	1	-1	-4
160	169	2079	2196	1	-1	-2
161	114	2096	1634	1	-1	-4
161	122	2096	1679	1	-1	-4
161	125	2096	1733	1	1	6
161	127	2096	1740	1	1	2
161	138	2096	1824	1	1	4
161	142	2096	1860	1	1	4
161	152	2096	1943	1	-1	-2
161	156	2096	1969	1	-1	-4
161	158	2096	2011	1	-1	-14
161	159	2096	2049	1	-1	-2
161	160	2096	2079	1	1	12
161	162	2096	2101	1	-1	-6
161	163	2096	2108	1	-1	-10
161	164	2096	2115	1	-1	-2
161	165	2096	2127	1	-1	-6
161	168	2096	2172	1	-1	-12
161	169	2096	2196	1	-1	-8
161	172	2096	2276	1	1	2
161	174	2096	2287	1	1	6
161	175	2096	2294	1	1	6
162	115	2101	1639	-1	-1	2
162	126	2101	1737	-1	1	-2
162	136	2101	1815	-1	1	-2
162	158	2101	2011	-1	-1	2
162	160	2101	2079	-1	1	-4
162	161	2101	2096	-1	1	-6
162	163	2101	2108	-1	-1	12
162	168	2101	2172	-1	-1	2
162	169	2101	2196	-1	-1	2
162	174	2101	2287	-1	1	-6
163	122	2108	1679	-1	-1	2
163	123	2108	1699	-1	1	-4
163	125	2108	1733	-1	1	-4
163	139	2108	1829	-1	1	-4
163	140	2108	1835	-1	1	-8
163	152	2108	1943	-1	-1	18
163	154	2108	1958	-1	-1	2
163	155	2108	1964	-1	-1	10
163	156	2108	1969	-1	-1	2
163	157	2108	1977	-1	-1	4
163	158	2108	2011	-1	-1	8
163	159	2108	2049	-1	-1	2
163	161	2108	2096	-1	1	-10
163	162	2108	2101	-1	-1	12
163	164	2108	2115	-1	-1	20
163	165	2108	2127	-1	-1	2
163	166	2108	2140	-1	-1	10
163	167	2108	2152	-1	1	4
163	168	2108	2172	-1	-1	18
163	169	2108	2196	-1	-1	4
163	170	2108	2207	-1	-1	6
163	172	2108	2276	-1	1	-2
163	173	2108	2278	-1	1	-2
163	174	2108	2287	-1	1	-14
164	151	2115	1936	-1	-1	2
164	161	2115	2096	-1	1	-2
164	163	2115	2108	-1	-1	20
164	169	2115	2196	-1	-1	4
164	170	2115	2207	-1	-1	4
165	121	2127	1673	-1	-1	2
165	150	2127	1928	-1	-1	2
165	154	2127	1958	-1	-1	2
165	156	2127	1969	-1	-1	2
165	158	2127	2011	-1	-1	6
165	161	2127	2096	-1	1	-6
165	163	2127	2108	-1	-1	2
165	168	2127	2172	-1	-1	12
165	169	2127	2196	-1	-1	4
165	170	2127	2207	-1	-1	4
165	174	2127	2287	-1	1	-2
166	155	2140	1964	-1	-1	6
166	159	2140	2049	-1	-1	4
166	163	2140	2108	-1	-1	10
166	168	2140	2172	-1	-1	8
166	169	2140	2196	-1	-1	6
166	173	2140	2278	-1	1	-2
167	154	2152	1958	1	-1	-12
167	163	2152	2108	1	-1	4
168	122	2172	1679	-1	-1	2
168	123	2172	1699	-1	1	-2
168	125	2172	1733	-1	1	-4
168	131	2172	1774	-1	1	-4
168	139	2172	1829	-1	1	-2
168	146	2172	1898	-1	1	-2
168	149	2172	1916	-1	1	2
168	155	2172	1964	-1	-1	8
168	157	2172	1977	-1	-1	4
168	158	2172	2011	-1	-1	14
168	159	2172	2049	-1	-1	4
168	161	2172	2096	-1	1	-12
168	162	2172	2101	-1	-1	2
168	163	2172	2108	-1	-1	18
168	165	2172	2127	-1	-1	12
168	166	2172	2140	-1	-1	8
168	169	2172	2196	-1	-1	56
168	170	2172	2207	-1	-1	22
168	171	2172	2224	-1	-1	2
168	172	2172	2276	-1	1	-8
168	174	2172	2287	-1	1	-12
168	176	2172	2303	-1	-1	4
169	117	2196	1654	-1	-1	2
169	119	2196	1659	-1	-1	2
169	122	2196	1679	-1	-1	2
169	123	2196	1699	-1	1	-4
169	127	2196	1740	-1	1	-2
169	128	2196	1748	-1	-1	4
169	129	2196	1753	-1	-1	2
169	132	2196	1777	-1	1	-4
169	134	2196	1804	-1	1	-2
169	137	2196	1820	-1	1	-2
169	138	2196	1824	-1	1	-2
169	139	2196	1829	-1	1	-20
169	149	2196	1916	-1	1	-2
169	151	2196	1936	-1	-1	2
169	152	2196	1943	-1	-1	2
169	155	2196	1964	-1	-1	14
169	158	2196	2011	-1	-1	10
169	160	2196	2079	-1	1	-2
169	161	2196	2096	-1	1	-8
169	162	2196	2101	-1	-1	2
169	163	2196	2108	-1	-1	4
169	164	2196	2115	-1	-1	4
169	165	2196	2127	-1	-1	4
169	166	2196	2140	-1	-1	6
169	168	2196	2172	-1	-1	56
169	170	2196	2207	-1	-1	138
169	171	2196	2224	-1	-1	6
169	172	2196	2276	-1	1	-8
169	173	2196	2278	-1	1	-8
169	174	2196	2287	-1	1	-6
170	121	2207	1673	-1	-1	4
170	122	2207	1679	-1	-1	2
170	125	2207	1733	-1	1	-8
170	136	2207	1815	-1	1	-4
170	137	2207	1820	-1	1	-2
170	138	2207	1824	-1	1	-2
170	140	2207	1835	-1	1	2
170	152	2207	1943	-1	-1	6
170	154	2207	1958	-1	-1	4
170	155	2207	1964	-1	-1	-12
170	163	2207	2108	-1	-1	6
170	164	2207	2115	-1	-1	4
170	165	2207	2127	-1	-1	4
170	168	2207	2172	-1	-1	22
170	169	2207	2196	-1	-1	138
170	171	2207	2224	-1	-1	2
170	172	2207	2276	-1	1	-8
170	173	2207	2278	-1	1	-6
170	174	2207	2287	-1	1	-18
171	128	2224	1748	-1	-1	8
171	139	2224	1829	-1	1	-2
171	168	2224	2172	-1	-1	2
171	169	2224	2196	-1	-1	6
171	170	2224	2207	-1	-1	2
172	122	2276	1679	1	-1	-2
172	132	2276	1777	1	1	-2
172	134	2276	1804	1	1	2
172	138	2276	1824	1	1	2
172	139	2276	1829	1	1	4
172	140	2276	1835	1	1	2
172	142	2276	1860	1	1	2
172	150	2276	1928	1	-1	-2
172	155	2276	1964	1	-1	-2
172	161	2276	2096	1	1	2
172	163	2276	2108	1	-1	-2
172	168	2276	2172	1	-1	-8
172	169	2276	2196	1	-1	-8
172	170	2276	2207	1	-1	-8
172	173	2276	2278	1	1	18
172	174	2276	2287	1	1	8
172	176	2276	2303	1	-1	-2
173	122	2278	1679	1	-1	2
173	125	2278	1733	1	1	2
173	140	2278	1835	1	1	2
173	151	2278	1936	1	-1	-2
173	155	2278	1964	1	-1	-6
173	157	2278	1977	1	-1	-2
173	163	2278	2108	1	-1	-2
173	166	2278	2140	1	-1	-2
173	169	2278	2196	1	-1	-8
173	170	2278	2207	1	-1	-6
173	172	2278	2276	1	1	18
173	174	2278	2287	1	1	50
173	176	2278	2303	1	-1	-10
174	122	2287	1679	1	-1	-2
174	123	2287	1699	1	1	2
174	125	2287	1733	1	1	6
174	133	2287	1785	1	1	2
174	135	2287	1811	1	1	4
174	137	2287	1820	1	1	4
174	139	2287	1829	1	1	-6
174	140	2287	1835	1	1	2
174	145	2287	1895	1	1	2
174	147	2287	1902	1	1	2
174	151	2287	1936	1	-1	-4
174	155	2287	1964	1	-1	-8
174	158	2287	2011	1	-1	-8
174	161	2287	2096	1	1	6
174	162	2287	2101	1	-1	-6
174	163	2287	2108	1	-1	-14
174	165	2287	2127	1	-1	-2
174	168	2287	2172	1	-1	-12
174	169	2287	2196	1	-1	-6
174	170	2287	2207	1	-1	-18
174	172	2287	2276	1	1	8
174	173	2287	2278	1	1	50
174	175	2287	2294	1	1	16
174	176	2287	2303	1	-1	-12
175	161	2294	2096	1	1	6
175	174	2294	2287	1	1	16
176	126	2303	1737	-1	1	-2
176	168	2303	2172	-1	-1	4
176	172	2303	2276	-1	1	-2
176	173	2303	2278	-1	1	-10
176	174	2303	2287	-1	1	-12
