0	1	1	23	-1	1	-8
0	2	1	39	-1	1	-22
0	4	1	159	-1	-1	-2
0	7	1	198	-1	-1	2
0	11	1	240	-1	-1	-4
0	12	1	251	-1	-1	4
0	14	1	283	-1	-1	2
0	17	1	340	-1	1	-6
1	0	23	1	1	-1	-8
1	2	23	39	1	1	66
1	3	23	71	1	1	10
1	4	23	159	1	-1	-2
1	6	23	188	1	-1	-2
1	7	23	198	1	-1	-4
1	8	23	204	1	-1	-4
1	11	23	240	1	-1	-8
1	12	23	251	1	-1	-10
1	14	23	283	1	-1	-4
1	16	23	327	1	1	8
1	20	23	412	1	-1	-2
1	21	23	445	1	-1	-2
1	22	23	461	1	-1	-4
1	23	23	472	1	-1	-2
1	25	23	497	1	-1	-2
2	0	39	1	1	-1	-22
2	1	39	23	1	1	66
2	3	39	71	1	1	202
2	4	39	159	1	-1	-20
2	5	39	177	1	-1	-16
2	6	39	188	1	-1	-16
2	7	39	198	1	-1	-48
2	8	39	204	1	-1	-30
2	9	39	208	1	-1	-14
2	10	39	222	1	-1	-10
2	11	39	240	1	-1	-14
2	12	39	251	1	-1	-4
2	13	39	279	1	-1	-6
2	14	39	283	1	-1	-16
2	15	39	291	1	-1	-6
2	16	39	327	1	1	18
2	20	39	412	1	-1	-4
2	22	39	461	1	-1	-2
2	23	39	472	1	-1	-4
2	24	39	481	1	-1	-4
2	25	39	497	1	-1	-8
2	27	39	531	1	-1	-12
2	28	39	535	1	-1	-12
3	1	71	23	1	1	10
3	2	71	39	1	1	202
3	4	71	159	1	-1	-6
3	6	71	188	1	-1	-4
3	7	71	198	1	-1	-14
3	8	71	204	1	-1	-4
3	11	71	240	1	-1	-4
3	12	71	251	1	-1	-4
3	13	71	279	1	-1	2
3	14	71	283	1	-1	-6
3	16	71	327	1	1	12
3	25	71	497	1	-1	-4
3	26	71	524	1	-1	-2
3	28	71	535	1	-1	2
3	29	71	547	1	-1	-4
4	0	159	1	-1	-1	-2
4	1	159	23	-1	1	-2
4	2	159	39	-1	1	-20
4	3	159	71	-1	1	-6
4	5	159	177	-1	-1	2
4	6	159	188	-1	-1	2
4	7	159	198	-1	-1	16
4	8	159	204	-1	-1	6
4	12	159	251	-1	-1	8
4	13	159	279	-1	-1	2
4	14	159	283	-1	-1	2
4	16	159	327	-1	1	-2
4	18	159	361	-1	-1	-2
4	27	159	531	-1	-1	2
4	28	159	535	-1	-1	4
4	29	159	547	-1	-1	-2
5	2	177	39	-1	1	-16
5	4	177	159	-1	-1	2
5	6	177	188	-1	-1	8
5	7	177	198	-1	-1	10
5	8	177	204	-1	-1	4
5	9	177	208	-1	-1	2
5	10	177	222	-1	-1	2
5	11	177	240	-1	-1	6
5	12	177	251	-1	-1	-2
5	16	177	327	-1	1	-2
5	33	177	649	-1	-1	2
6	1	188	23	-1	1	-2
6	2	188	39	-1	1	-16
6	3	188	71	-1	1	-4
6	4	188	159	-1	-1	2
6	5	188	177	-1	-1	8
6	7	188	198	-1	-1	78
6	8	188	204	-1	-1	8
6	11	188	240	-1	-1	12
6	12	188	251	-1	-1	6
6	13	188	279	-1	-1	2
6	16	188	327	-1	1	-30
6	17	188	340	-1	1	-2
6	18	188	361	-1	-1	6
6	20	188	412	-1	-1	-2
6	25	188	497	-1	-1	2
6	29	188	547	-1	-1	-2
6	30	188	570	-1	-1	4
6	33	188	649	-1	-1	2
7	0	198	1	-1	-1	2
7	1	198	23	-1	1	-4
7	2	198	39	-1	1	-48
7	3	198	71	-1	1	-14
7	4	198	159	-1	-1	16
7	5	198	177	-1	-1	10
7	6	198	188	-1	-1	78
7	8	198	204	-1	-1	44
7	9	198	208	-1	-1	30
7	10	198	222	-1	-1	28
7	11	198	240	-1	-1	54
7	12	198	251	-1	-1	32
7	13	198	279	-1	-1	6
7	14	198	283	-1	-1	2
7	15	198	291	-1	-1	2
7	16	198	327	-1	1	-36
7	17	198	340	-1	1	-6
7	18	198	361	-1	-1	4
7	19	198	407	-1	-1	2
7	20	198	412	-1	-1	2
7	22	198	461	-1	-1	2
7	25	198	497	-1	-1	18
7	27	198	531	-1	-1	4
7	28	198	535	-1	-1	4
7	29	198	547	-1	-1	8
7	30	198	570	-1	-1	4
7	32	198	625	-1	-1	2
7	33	198	649	-1	-1	14
8	1	204	23	-1	1	-4
8	2	204	39	-1	1	-30
8	3	204	71	-1	1	-4
8	4	204	159	-1	-1	6
8	5	204	177	-1	-1	4
8	6	204	188	-1	-1	8
8	7	204	198	-1	-1	44
8	9	204	208	-1	-1	82
8	10	204	222	-1	-1	20
8	11	204	240	-1	-1	16
8	12	204	251	-1	-1	4
8	14	204	283	-1	-1	4
8	16	204	327	-1	1	-6
8	18	204	361	-1	-1	8
8	24	204	481	-1	-1	2
8	27	204	531	-1	-1	4
8	29	204	547	-1	-1	2
8	30	204	570	-1	-1	2
8	32	204	625	-1	-1	4
8	33	204	649	-1	-1	12
9	2	208	39	-1	1	-14
9	5	208	177	-1	-1	2
9	7	208	198	-1	-1	30
9	8	208	204	-1	-1	82
9	10	208	222	-1	-1	10
9	11	208	240	-1	-1	2
9	12	208	251	-1	-1	4
9	13	208	279	-1	-1	4
9	14	208	283	-1	-1	8
9	16	208	327	-1	1	-6
9	17	208	340	-1	1	-2
9	18	208	361	-1	-1	4
9	25	208	497	-1	-1	4
9	28	208	535	-1	-1	2
9	29	208	547	-1	-1	2
9	30	208	570	-1	-1	8
10	2	222	39	-1	1	-10
10	5	222	177	-1	-1	2
10	7	222	198	-1	-1	28
10	8	222	204	-1	-1	20
10	9	222	208	-1	-1	10
10	11	222	240	-1	-1	34
10	12	222	251	-1	-1	10
10	13	222	279	-1	-1	2
10	14	222	283	-1	-1	6
10	16	222	327	-1	1	-16
10	17	222	340	-1	1	-10
10	25	222	497	-1	-1	-8
10	27	222	531	-1	-1	4
10	28	222	535	-1	-1	6
10	29	222	547	-1	-1	4
10	30	222	570	-1	-1	4
10	33	222	649	-1	-1	2
11	0	240	1	-1	-1	-4
11	1	240	23	-1	1	-8
11	2	240	39	-1	1	-14
11	3	240	71	-1	1	-4
11	5	240	177	-1	-1	6
11	6	240	188	-1	-1	12
11	7	240	198	-1	-1	54
11	8	240	204	-1	-1	16
11	9	240	208	-1	-1	2
11	10	240	222	-1	-1	34
11	12	240	251	-1	-1	120
11	13	240	279	-1	-1	26
11	14	240	283	-1	-1	30
11	15	240	291	-1	-1	-2
11	16	240	327	-1	1	-64
11	17	240	340	-1	1	-8
11	18	240	361	-1	-1	6
11	19	240	407	-1	-1	2
11	20	240	412	-1	-1	4
11	22	240	461	-1	-1	4
11	23	240	472	-1	-1	4
11	25	240	497	-1	-1	18
11	27	240	531	-1	-1	2
11	28	240	535	-1	-1	4
11	29	240	547	-1	-1	4
11	30	240	570	-1	-1	6
11	32	240	625	-1	-1	4
11	33	240	649	-1	-1	20
11	34	240	664	-1	-1	2
11	35	240	705	-1	1	-8
11	36	240	706	-1	1	-2
12	0	251	1	-1	-1	4
12	1	251	23	-1	1	-10
12	2	251	39	-1	1	-4
12	3	251	71	-1	1	-4
12	4	251	159	-1	-1	8
12	5	251	177	-1	-1	-2
12	6	251	188	-1	-1	6
12	7	251	198	-1	-1	32
12	8	251	204	-1	-1	4
12	9	251	208	-1	-1	4
12	10	251	222	-1	-1	10
12	11	251	240	-1	-1	120
12	13	251	279	-1	-1	28
12	14	251	283	-1	-1	28
12	15	251	291	-1	-1	14
12	16	251	327	-1	1	-80
12	17	251	340	-1	1	-8
12	18	251	361	-1	-1	14
12	20	251	412	-1	-1	4
12	22	251	461	-1	-1	2
12	23	251	472	-1	-1	6
12	24	251	481	-1	-1	6
12	25	251	497	-1	-1	6
12	27	251	531	-1	-1	12
12	28	251	535	-1	-1	10
12	29	251	547	-1	-1	8
12	30	251	570	-1	-1	10
12	32	251	625	-1	-1	2
12	33	251	649	-1	-1	6
12	35	251	705	-1	1	-2
13	2	279	39	-1	1	-6
13	3	279	71	-1	1	2
13	4	279	159	-1	-1	2
13	6	279	188	-1	-1	2
13	7	279	198	-1	-1	6
13	9	279	208	-1	-1	4
13	10	279	222	-1	-1	2
13	11	279	240	-1	-1	26
13	12	279	251	-1	-1	28
13	14	279	283	-1	-1	42
13	15	279	291	-1	-1	2
13	16	279	327	-1	1	-42
13	17	279	340	-1	1	-4
13	18	279	361	-1	-1	4
13	19	279	407	-1	-1	2
13	25	279	497	-1	-1	8
13	27	279	531	-1	-1	4
13	28	279	535	-1	-1	2
13	29	279	547	-1	-1	4
13	31	279	605	-1	-1	2
13	33	279	649	-1	-1	10
13	35	279	705	-1	1	-2
13	36	279	706	-1	1	-2
13	38	279	741	-1	1	-6
14	0	283	1	-1	-1	2
14	1	283	23	-1	1	-4
14	2	283	39	-1	1	-16
14	3	283	71	-1	1	-6
14	4	283	159	-1	-1	2
14	7	283	198	-1	-1	2
14	8	283	204	-1	-1	4
14	9	283	208	-1	-1	8
14	10	283	222	-1	-1	6
14	11	283	240	-1	-1	30
14	12	283	251	-1	-1	28
14	13	283	279	-1	-1	42
14	15	283	291	-1	-1	12
14	16	283	327	-1	1	-90
14	17	283	340	-1	1	-6
14	18	283	361	-1	-1	6
14	20	283	412	-1	-1	4
14	21	283	445	-1	-1	4
14	22	283	461	-1	-1	2
14	23	283	472	-1	-1	2
14	24	283	481	-1	-1	4
14	25	283	497	-1	-1	12
14	27	283	531	-1	-1	4
14	28	283	535	-1	-1	16
14	29	283	547	-1	-1	2
14	33	283	649	-1	-1	2
14	35	283	705	-1	1	-2
14	37	283	715	-1	1	-2
14	38	283	741	-1	1	-2
15	2	291	39	-1	1	-6
15	7	291	198	-1	-1	2
15	11	291	240	-1	-1	-2
15	12	291	251	-1	-1	14
15	13	291	279	-1	-1	2
15	14	291	283	-1	-1	12
15	16	291	327	-1	1	-6
15	18	291	361	-1	-1	2
15	19	291	407	-1	-1	2
15	25	291	497	-1	-1	2
15	32	291	625	-1	-1	2
15	33	291	649	-1	-1	4
15	36	291	706	-1	1	-4
16	1	327	23	1	1	8
16	2	327	39	1	1	18
16	3	327	71	1	1	12
16	4	327	159	1	-1	-2
16	5	327	177	1	-1	-2
16	6	327	188	1	-1	-30
16	7	327	198	1	-1	-36
16	8	327	204	1	-1	-6
16	9	327	208	1	-1	-6
16	10	327	222	1	-1	-16
16	11	327	240	1	-1	-64
16	12	327	251	1	-1	-80
16	13	327	279	1	-1	-42
16	14	327	283	1	-1	-90
16	15	327	291	1	-1	-6
16	17	327	340	1	1	52
16	18	327	361	1	-1	-28
16	19	327	407	1	-1	-2
16	20	327	412	1	-1	-24
16	21	327	445	1	-1	-2
16	22	327	461	1	-1	-18
16	23	327	472	1	-1	-2
16	24	327	481	1	-1	-4
16	25	327	497	1	-1	-32
16	26	327	524	1	-1	-6
16	27	327	531	1	-1	-12
16	28	327	535	1	-1	-22
16	29	327	547	1	-1	-18
16	30	327	570	1	-1	-8
16	31	327	605	1	-1	-2
16	33	327	649	1	-1	-24
16	34	327	664	1	-1	-2
16	35	327	705	1	1	10
16	36	327	706	1	1	8
16	37	327	715	1	1	8
16	38	327	741	1	1	6
16	42	327	862	1	1	2
16	43	327	984	1	-1	-4
17	0	340	1	1	-1	-6
17	6	340	188	1	-1	-2
17	7	340	198	1	-1	-6
17	9	340	208	1	-1	-2
17	10	340	222	1	-1	-10
17	11	340	240	1	-1	-8
17	12	340	251	1	-1	-8
17	13	340	279	1	-1	-4
17	14	340	283	1	-1	-6
17	16	340	327	1	1	52
17	18	340	361	1	-1	-14
17	20	340	412	1	-1	-6
17	21	340	445	1	-1	-2
17	22	340	461	1	-1	-4
17	25	340	497	1	-1	-8
17	27	340	531	1	-1	-26
17	28	340	535	1	-1	-6
17	29	340	547	1	-1	-4
17	30	340	570	1	-1	-8
17	33	340	649	1	-1	-8
17	35	340	705	1	1	4
17	36	340	706	1	1	2
17	47	340	1048	1	-1	-2
18	4	361	159	-1	-1	-2
18	6	361	188	-1	-1	6
18	7	361	198	-1	-1	4
18	8	361	204	-1	-1	8
18	9	361	208	-1	-1	4
18	11	361	240	-1	-1	6
18	12	361	251	-1	-1	14
18	13	361	279	-1	-1	4
18	14	361	283	-1	-1	6
18	15	361	291	-1	-1	2
18	16	361	327	-1	1	-28
18	17	361	340	-1	1	-14
18	20	361	412	-1	-1	12
18	22	361	461	-1	-1	4
18	23	361	472	-1	-1	2
18	25	361	497	-1	-1	16
18	27	361	531	-1	-1	6
18	28	361	535	-1	-1	2
18	29	361	547	-1	-1	2
18	30	361	570	-1	-1	2
18	31	361	605	-1	-1	2
18	33	361	649	-1	-1	6
18	36	361	706	-1	1	-2
18	37	361	715	-1	1	2
18	45	361	997	-1	-1	2
19	7	407	198	-1	-1	2
19	11	407	240	-1	-1	2
19	13	407	279	-1	-1	2
19	15	407	291	-1	-1	2
19	16	407	327	-1	1	-2
19	32	407	625	-1	-1	2
20	1	412	23	-1	1	-2
20	2	412	39	-1	1	-4
20	6	412	188	-1	-1	-2
20	7	412	198	-1	-1	2
20	11	412	240	-1	-1	4
20	12	412	251	-1	-1	4
20	14	412	283	-1	-1	4
20	16	412	327	-1	1	-24
20	17	412	340	-1	1	-6
20	18	412	361	-1	-1	12
20	21	412	445	-1	-1	6
20	22	412	461	-1	-1	8
20	23	412	472	-1	-1	4
20	25	412	497	-1	-1	8
20	26	412	524	-1	-1	2
20	27	412	531	-1	-1	-12
20	28	412	535	-1	-1	2
20	29	412	547	-1	-1	2
20	30	412	570	-1	-1	10
20	33	412	649	-1	-1	4
20	35	412	705	-1	1	-8
20	36	412	706	-1	1	-4
20	38	412	741	-1	1	-2
20	47	412	1048	-1	-1	2
21	1	445	23	-1	1	-2
21	14	445	283	-1	-1	4
21	16	445	327	-1	1	-2
21	17	445	340	-1	1	-2
21	20	445	412	-1	-1	6
21	22	445	461	-1	-1	4
21	25	445	497	-1	-1	6
21	28	445	535	-1	-1	2
21	33	445	649	-1	-1	4
22	1	461	23	-1	1	-4
22	2	461	39	-1	1	-2
22	7	461	198	-1	-1	2
22	11	461	240	-1	-1	4
22	12	461	251	-1	-1	2
22	14	461	283	-1	-1	2
22	16	461	327	-1	1	-18
22	17	461	340	-1	1	-4
22	18	461	361	-1	-1	4
22	20	461	412	-1	-1	8
22	21	461	445	-1	-1	4
22	23	461	472	-1	-1	8
22	24	461	481	-1	-1	2
22	25	461	497	-1	-1	16
22	29	461	547	-1	-1	4
22	33	461	649	-1	-1	2
22	39	461	756	-1	1	-2
23	1	472	23	-1	1	-2
23	2	472	39	-1	1	-4
23	11	472	240	-1	-1	4
23	12	472	251	-1	-1	6
23	14	472	283	-1	-1	2
23	16	472	327	-1	1	-2
23	18	472	361	-1	-1	2
23	20	472	412	-1	-1	4
23	22	472	461	-1	-1	8
23	24	472	481	-1	-1	2
23	25	472	497	-1	-1	6
23	27	472	531	-1	-1	6
23	28	472	535	-1	-1	6
23	29	472	547	-1	-1	6
23	47	472	1048	-1	-1	2
24	2	481	39	-1	1	-4
24	8	481	204	-1	-1	2
24	12	481	251	-1	-1	6
24	14	481	283	-1	-1	4
24	16	481	327	-1	1	-4
24	22	481	461	-1	-1	2
24	23	481	472	-1	-1	2
24	25	481	497	-1	-1	10
24	27	481	531	-1	-1	6
24	28	481	535	-1	-1	4
24	29	481	547	-1	-1	10
24	36	481	706	-1	1	-2
25	1	497	23	-1	1	-2
25	2	497	39	-1	1	-8
25	3	497	71	-1	1	-4
25	6	497	188	-1	-1	2
25	7	497	198	-1	-1	18
25	9	497	208	-1	-1	4
25	10	497	222	-1	-1	-8
25	11	497	240	-1	-1	18
25	12	497	251	-1	-1	6
25	13	497	279	-1	-1	8
25	14	497	283	-1	-1	12
25	15	497	291	-1	-1	2
25	16	497	327	-1	1	-32
25	17	497	340	-1	1	-8
25	18	497	361	-1	-1	16
25	20	497	412	-1	-1	8
25	21	497	445	-1	-1	6
25	22	497	461	-1	-1	16
25	23	497	472	-1	-1	6
25	24	497	481	-1	-1	10
25	26	497	524	-1	-1	18
25	27	497	531	-1	-1	20
25	28	497	535	-1	-1	48
25	29	497	547	-1	-1	38
25	30	497	570	-1	-1	28
25	32	497	625	-1	-1	4
25	33	497	649	-1	-1	28
25	35	497	705	-1	1	-8
25	36	497	706	-1	1	-6
25	37	497	715	-1	1	-6
25	38	497	741	-1	1	-2
25	39	497	756	-1	1	-6
25	40	497	802	-1	1	-2
25	42	497	862	-1	1	-2
25	47	497	1048	-1	-1	4
25	51	497	1138	-1	1	-2
26	3	524	71	-1	1	-2
26	16	524	327	-1	1	-6
26	20	524	412	-1	-1	2
26	25	524	497	-1	-1	18
26	27	524	531	-1	-1	18
26	28	524	535	-1	-1	8
26	29	524	547	-1	-1	4
26	30	524	570	-1	-1	6
26	33	524	649	-1	-1	8
26	35	524	705	-1	1	-4
26	36	524	706	-1	1	-2
26	42	524	862	-1	1	-2
26	48	524	1054	-1	-1	2
27	2	531	39	-1	1	-12
27	4	531	159	-1	-1	2
27	7	531	198	-1	-1	4
27	8	531	204	-1	-1	4
27	10	531	222	-1	-1	4
27	11	531	240	-1	-1	2
27	12	531	251	-1	-1	12
27	13	531	279	-1	-1	4
27	14	531	283	-1	-1	4
27	16	531	327	-1	1	-12
27	17	531	340	-1	1	-26
27	18	531	361	-1	-1	6
27	20	531	412	-1	-1	-12
27	23	531	472	-1	-1	6
27	24	531	481	-1	-1	6
27	25	531	497	-1	-1	20
27	26	531	524	-1	-1	18
27	28	531	535	-1	-1	84
27	29	531	547	-1	-1	38
27	30	531	570	-1	-1	16
27	32	531	625	-1	-1	4
27	33	531	649	-1	-1	14
27	38	531	741	-1	1	-2
27	40	531	802	-1	1	-4
27	41	531	826	-1	1	-2
27	42	531	862	-1	1	-2
27	55	531	1233	-1	1	-2
28	2	535	39	-1	1	-12
28	3	535	71	-1	1	2
28	4	535	159	-1	-1	4
28	7	535	198	-1	-1	4
28	9	535	208	-1	-1	2
28	10	535	222	-1	-1	6
28	11	535	240	-1	-1	4
28	12	535	251	-1	-1	10
28	13	535	279	-1	-1	2
28	14	535	283	-1	-1	16
28	16	535	327	-1	1	-22
28	17	535	340	-1	1	-6
28	18	535	361	-1	-1	2
28	20	535	412	-1	-1	2
28	21	535	445	-1	-1	2
28	23	535	472	-1	-1	6
28	24	535	481	-1	-1	4
28	25	535	497	-1	-1	48
28	26	535	524	-1	-1	8
28	27	535	531	-1	-1	84
28	29	535	547	-1	-1	74
28	30	535	570	-1	-1	34
28	31	535	605	-1	-1	4
28	32	535	625	-1	-1	2
28	33	535	649	-1	-1	24
28	36	535	706	-1	1	-2
28	37	535	715	-1	1	-2
28	38	535	741	-1	1	-2
28	39	535	756	-1	1	-2
28	42	535	862	-1	1	-4
28	47	535	1048	-1	-1	4
28	52	535	1153	-1	1	-2
28	57	535	1269	-1	1	-2
29	3	547	71	-1	1	-4
29	4	547	159	-1	-1	-2
29	6	547	188	-1	-1	-2
29	7	547	198	-1	-1	8
29	8	547	204	-1	-1	2
29	9	547	208	-1	-1	2
29	10	547	222	-1	-1	4
29	11	547	240	-1	-1	4
29	12	547	251	-1	-1	8
29	13	547	279	-1	-1	4
29	14	547	283	-1	-1	2
29	16	547	327	-1	1	-18
29	17	547	340	-1	1	-4
29	18	547	361	-1	-1	2
29	20	547	412	-1	-1	2
29	22	547	461	-1	-1	4
29	23	547	472	-1	-1	6
29	24	547	481	-1	-1	10
29	25	547	497	-1	-1	38
29	26	547	524	-1	-1	4
29	27	547	531	-1	-1	38
29	28	547	535	-1	-1	74
29	30	547	570	-1	-1	108
29	31	547	605	-1	-1	8
29	32	547	625	-1	-1	14
29	33	547	649	-1	-1	58
29	36	547	706	-1	1	2
29	37	547	715	-1	1	-4
29	40	547	802	-1	1	-6
29	43	547	984	-1	-1	2
29	46	547	1023	-1	-1	2
29	47	547	1048	-1	-1	4
29	56	547	1250	-1	1	-6
30	6	570	188	-1	-1	4
30	7	570	198	-1	-1	4
30	8	570	204	-1	-1	2
30	9	570	208	-1	-1	8
30	10	570	222	-1	-1	4
30	11	570	240	-1	-1	6
30	12	570	251	-1	-1	10
30	16	570	327	-1	1	-8
30	17	570	340	-1	1	-8
30	18	570	361	-1	-1	2
30	20	570	412	-1	-1	10
30	25	570	497	-1	-1	28
30	26	570	524	-1	-1	6
30	27	570	531	-1	-1	16
30	28	570	535	-1	-1	34
30	29	570	547	-1	-1	108
30	31	570	605	-1	-1	4
30	32	570	625	-1	-1	14
30	33	570	649	-1	-1	42
30	36	570	706	-1	1	-2
30	37	570	715	-1	1	-2
30	40	570	802	-1	1	-8
30	42	570	862	-1	1	-4
30	47	570	1048	-1	-1	8
30	48	570	1054	-1	-1	6
30	58	570	1315	-1	-1	-2
31	13	605	279	-1	-1	2
31	16	605	327	-1	1	-2
31	18	605	361	-1	-1	2
31	28	605	535	-1	-1	4
31	29	605	547	-1	-1	8
31	30	605	570	-1	-1	4
31	32	605	625	-1	-1	16
31	33	605	649	-1	-1	6
31	42	605	862	-1	1	-2
32	7	625	198	-1	-1	2
32	8	625	204	-1	-1	4
32	11	625	240	-1	-1	4
32	12	625	251	-1	-1	2
32	15	625	291	-1	-1	2
32	19	625	407	-1	-1	2
32	25	625	497	-1	-1	4
32	27	625	531	-1	-1	4
32	28	625	535	-1	-1	2
32	29	625	547	-1	-1	14
32	30	625	570	-1	-1	14
32	31	625	605	-1	-1	16
32	33	625	649	-1	-1	78
32	34	625	664	-1	-1	2
32	35	625	705	-1	1	-6
32	36	625	706	-1	1	-4
32	40	625	802	-1	1	-6
32	42	625	862	-1	1	-4
32	46	625	1023	-1	-1	2
32	47	625	1048	-1	-1	6
32	49	625	1082	-1	1	-2
32	51	625	1138	-1	1	-2
32	52	625	1153	-1	1	-2
32	58	625	1315	-1	-1	2
32	60	625	1324	-1	-1	2
32	61	625	1348	-1	1	-2
33	5	649	177	-1	-1	2
33	6	649	188	-1	-1	2
33	7	649	198	-1	-1	14
33	8	649	204	-1	-1	12
33	10	649	222	-1	-1	2
33	11	649	240	-1	-1	20
33	12	649	251	-1	-1	6
33	13	649	279	-1	-1	10
33	14	649	283	-1	-1	2
33	15	649	291	-1	-1	4
33	16	649	327	-1	1	-24
33	17	649	340	-1	1	-8
33	18	649	361	-1	-1	6
33	20	649	412	-1	-1	4
33	21	649	445	-1	-1	4
33	22	649	461	-1	-1	2
33	25	649	497	-1	-1	28
33	26	649	524	-1	-1	8
33	27	649	531	-1	-1	14
33	28	649	535	-1	-1	24
33	29	649	547	-1	-1	58
33	30	649	570	-1	-1	42
33	31	649	605	-1	-1	6
33	32	649	625	-1	-1	78
33	34	649	664	-1	-1	6
33	35	649	705	-1	1	-32
33	36	649	706	-1	1	-36
33	37	649	715	-1	1	-34
33	38	649	741	-1	1	-26
33	39	649	756	-1	1	-8
33	40	649	802	-1	1	-10
33	41	649	826	-1	1	-8
33	42	649	862	-1	1	-14
33	43	649	984	-1	-1	4
33	46	649	1023	-1	-1	4
33	47	649	1048	-1	-1	12
33	48	649	1054	-1	-1	10
33	53	649	1199	-1	1	-2
33	56	649	1250	-1	1	-2
33	60	649	1324	-1	-1	2
33	61	649	1348	-1	1	-6
33	62	649	1371	-1	1	-8
34	11	664	240	-1	-1	2
34	16	664	327	-1	1	-2
34	32	664	625	-1	-1	2
34	33	664	649	-1	-1	6
34	35	664	705	-1	1	-6
34	36	664	706	-1	1	-2
34	37	664	715	-1	1	-2
34	42	664	862	-1	1	-4
35	11	705	240	1	-1	-8
35	12	705	251	1	-1	-2
35	13	705	279	1	-1	-2
35	14	705	283	1	-1	-2
35	16	705	327	1	1	10
35	17	705	340	1	1	4
35	20	705	412	1	-1	-8
35	25	705	497	1	-1	-8
35	26	705	524	1	-1	-4
35	32	705	625	1	-1	-6
35	33	705	649	1	-1	-32
35	34	705	664	1	-1	-6
35	36	705	706	1	1	24
35	37	705	715	1	1	10
35	38	705	741	1	1	2
35	40	705	802	1	1	2
35	43	705	984	1	-1	-2
35	44	705	996	1	-1	-2
35	47	705	1048	1	-1	-2
36	11	706	240	1	-1	-2
36	13	706	279	1	-1	-2
36	15	706	291	1	-1	-4
36	16	706	327	1	1	8
36	17	706	340	1	1	2
36	18	706	361	1	-1	-2
36	20	706	412	1	-1	-4
36	24	706	481	1	-1	-2
36	25	706	497	1	-1	-6
36	26	706	524	1	-1	-2
36	28	706	535	1	-1	-2
36	29	706	547	1	-1	2
36	30	706	570	1	-1	-2
36	32	706	625	1	-1	-4
36	33	706	649	1	-1	-36
36	34	706	664	1	-1	-2
36	35	706	705	1	1	24
36	37	706	715	1	1	34
36	38	706	741	1	1	2
36	39	706	756	1	1	2
36	40	706	802	1	1	2
36	48	706	1054	1	-1	-10
36	49	706	1082	1	1	6
36	56	706	1250	1	1	2
36	61	706	1348	1	1	2
36	64	706	1393	1	1	6
37	14	715	283	1	-1	-2
37	16	715	327	1	1	8
37	18	715	361	1	-1	2
37	25	715	497	1	-1	-6
37	28	715	535	1	-1	-2
37	29	715	547	1	-1	-4
37	30	715	570	1	-1	-2
37	33	715	649	1	-1	-34
37	34	715	664	1	-1	-2
37	35	715	705	1	1	10
37	36	715	706	1	1	34
37	38	715	741	1	1	6
37	39	715	756	1	1	6
37	40	715	802	1	1	6
37	42	715	862	1	1	8
37	48	715	1054	1	-1	-2
37	49	715	1082	1	1	10
37	62	715	1371	1	1	2
38	13	741	279	1	-1	-6
38	14	741	283	1	-1	-2
38	16	741	327	1	1	6
38	20	741	412	1	-1	-2
38	25	741	497	1	-1	-2
38	27	741	531	1	-1	-2
38	28	741	535	1	-1	-2
38	33	741	649	1	-1	-26
38	35	741	705	1	1	2
38	36	741	706	1	1	2
38	37	741	715	1	1	6
38	39	741	756	1	1	4
38	40	741	802	1	1	4
38	42	741	862	1	1	10
38	43	741	984	1	-1	-4
38	64	741	1393	1	1	8
38	66	741	1464	1	1	2
39	22	756	461	1	-1	-2
39	25	756	497	1	-1	-6
39	28	756	535	1	-1	-2
39	33	756	649	1	-1	-8
39	36	756	706	1	1	2
39	37	756	715	1	1	6
39	38	756	741	1	1	4
39	40	756	802	1	1	2
39	44	756	996	1	-1	-4
39	47	756	1048	1	-1	-2
39	64	756	1393	1	1	2
39	66	756	1464	1	1	2
40	25	802	497	1	-1	-2
40	27	802	531	1	-1	-4
40	29	802	547	1	-1	-6
40	30	802	570	1	-1	-8
40	32	802	625	1	-1	-6
40	33	802	649	1	-1	-10
40	35	802	705	1	1	2
40	36	802	706	1	1	2
40	37	802	715	1	1	6
40	38	802	741	1	1	4
40	39	802	756	1	1	2
40	41	802	826	1	1	6
40	42	802	862	1	1	24
40	43	802	984	1	-1	-6
40	46	802	1023	1	-1	-4
40	47	802	1048	1	-1	-10
40	49	802	1082	1	1	2
40	52	802	1153	1	1	4
40	56	802	1250	1	1	2
40	64	802	1393	1	1	4
40	65	802	1413	1	1	4
40	66	802	1464	1	1	2
41	27	826	531	1	-1	-2
41	33	826	649	1	-1	-8
41	40	826	802	1	1	6
41	42	826	862	1	1	2
41	46	826	1023	1	-1	-2
41	47	826	1048	1	-1	-2
41	49	826	1082	1	1	4
41	56	826	1250	1	1	4
41	58	826	1315	1	-1	-2
41	69	826	1504	1	1	2
42	16	862	327	1	1	2
42	25	862	497	1	-1	-2
42	26	862	524	1	-1	-2
42	27	862	531	1	-1	-2
42	28	862	535	1	-1	-4
42	30	862	570	1	-1	-4
42	31	862	605	1	-1	-2
42	32	862	625	1	-1	-4
42	33	862	649	1	-1	-14
42	34	862	664	1	-1	-4
42	37	862	715	1	1	8
42	38	862	741	1	1	10
42	40	862	802	1	1	24
42	41	862	826	1	1	2
42	43	862	984	1	-1	-8
42	46	862	1023	1	-1	-2
42	47	862	1048	1	-1	-16
42	49	862	1082	1	1	2
42	58	862	1315	1	-1	-12
42	60	862	1324	1	-1	-6
42	64	862	1393	1	1	8
42	65	862	1413	1	1	2
42	67	862	1472	1	1	10
42	68	862	1487	1	1	2
42	69	862	1504	1	1	2
42	70	862	1516	1	-1	-2
42	71	862	1531	1	-1	-4
43	16	984	327	-1	1	-4
43	29	984	547	-1	-1	2
43	33	984	649	-1	-1	4
43	35	984	705	-1	1	-2
43	38	984	741	-1	1	-4
43	40	984	802	-1	1	-6
43	42	984	862	-1	1	-8
43	44	984	996	-1	-1	10
43	45	984	997	-1	-1	6
43	46	984	1023	-1	-1	6
43	47	984	1048	-1	-1	6
43	48	984	1054	-1	-1	4
43	49	984	1082	-1	1	-2
43	66	984	1464	-1	1	-2
43	69	984	1504	-1	1	-2
43	70	984	1516	-1	-1	4
43	71	984	1531	-1	-1	14
44	35	996	705	-1	1	-2
44	39	996	756	-1	1	-4
44	43	996	984	-1	-1	10
44	46	996	1023	-1	-1	6
44	52	996	1153	-1	1	-2
44	60	996	1324	-1	-1	4
44	61	996	1348	-1	1	2
44	71	996	1531	-1	-1	4
45	18	997	361	-1	-1	2
45	43	997	984	-1	-1	6
45	47	997	1048	-1	-1	2
45	48	997	1054	-1	-1	4
45	71	997	1531	-1	-1	2
46	29	1023	547	-1	-1	2
46	32	1023	625	-1	-1	2
46	33	1023	649	-1	-1	4
46	40	1023	802	-1	1	-4
46	41	1023	826	-1	1	-2
46	42	1023	862	-1	1	-2
46	43	1023	984	-1	-1	6
46	44	1023	996	-1	-1	6
46	47	1023	1048	-1	-1	54
46	48	1023	1054	-1	-1	4
46	49	1023	1082	-1	1	-6
46	52	1023	1153	-1	1	-2
46	58	1023	1315	-1	-1	2
46	61	1023	1348	-1	1	2
46	62	1023	1371	-1	1	-2
46	63	1023	1380	-1	1	-2
46	64	1023	1393	-1	1	-4
46	66	1023	1464	-1	1	-2
46	67	1023	1472	-1	1	-2
46	69	1023	1504	-1	1	-4
46	71	1023	1531	-1	-1	8
47	17	1048	340	-1	1	-2
47	20	1048	412	-1	-1	2
47	23	1048	472	-1	-1	2
47	25	1048	497	-1	-1	4
47	28	1048	535	-1	-1	4
47	29	1048	547	-1	-1	4
47	30	1048	570	-1	-1	8
47	32	1048	625	-1	-1	6
47	33	1048	649	-1	-1	12
47	35	1048	705	-1	1	-2
47	39	1048	756	-1	1	-2
47	40	1048	802	-1	1	-10
47	41	1048	826	-1	1	-2
47	42	1048	862	-1	1	-16
47	43	1048	984	-1	-1	6
47	45	1048	997	-1	-1	2
47	46	1048	1023	-1	-1	54
47	48	1048	1054	-1	-1	114
47	49	1048	1082	-1	1	-42
47	50	1048	1121	-1	1	-2
47	51	1048	1138	-1	1	-2
47	52	1048	1153	-1	1	-20
47	53	1048	1199	-1	1	-2
47	55	1048	1233	-1	1	-2
47	56	1048	1250	-1	1	-4
47	58	1048	1315	-1	-1	14
47	59	1048	1322	-1	-1	2
47	61	1048	1348	-1	1	-6
47	62	1048	1371	-1	1	-6
47	64	1048	1393	-1	1	-18
47	65	1048	1413	-1	1	-2
47	66	1048	1464	-1	1	-2
47	67	1048	1472	-1	1	-2
47	68	1048	1487	-1	1	-2
47	69	1048	1504	-1	1	-12
47	70	1048	1516	-1	-1	6
47	71	1048	1531	-1	-1	22
47	72	1048	1541	-1	-1	4
47	73	1048	1549	-1	-1	6
48	26	1054	524	-1	-1	2
48	30	1054	570	-1	-1	6
48	33	1054	649	-1	-1	10
48	36	1054	706	-1	1	-10
48	37	1054	715	-1	1	-2
48	43	1054	984	-1	-1	4
48	45	1054	997	-1	-1	4
48	46	1054	1023	-1	-1	4
48	47	1054	1048	-1	-1	114
48	49	1054	1082	-1	1	-30
48	50	1054	1121	-1	1	-4
48	52	1054	1153	-1	1	-2
48	56	1054	1250	-1	1	-2
48	58	1054	1315	-1	-1	8
48	60	1054	1324	-1	-1	2
48	63	1054	1380	-1	1	-8
48	64	1054	1393	-1	1	-4
48	65	1054	1413	-1	1	-4
48	66	1054	1464	-1	1	-2
48	67	1054	1472	-1	1	-2
48	68	1054	1487	-1	1	-2
48	69	1054	1504	-1	1	-2
48	70	1054	1516	-1	-1	6
48	71	1054	1531	-1	-1	22
48	72	1054	1541	-1	-1	6
48	73	1054	1549	-1	-1	4
49	32	1082	625	1	-1	-2
49	36	1082	706	1	1	6
49	37	1082	715	1	1	10
49	40	1082	802	1	1	2
49	41	1082	826	1	1	4
49	42	1082	862	1	1	2
49	43	1082	984	1	-1	-2
49	46	1082	1023	1	-1	-6
49	47	1082	1048	1	-1	-42
49	48	1082	1054	1	-1	-30
49	50	1082	1121	1	1	8
49	51	1082	1138	1	1	4
49	52	1082	1153	1	1	40
49	53	1082	1199	1	1	-4
49	55	1082	1233	1	1	8
49	56	1082	1250	1	1	8
49	58	1082	1315	1	-1	-2
49	60	1082	1324	1	-1	-8
49	61	1082	1348	1	1	4
49	62	1082	1371	1	1	4
49	64	1082	1393	1	1	24
49	65	1082	1413	1	1	8
49	66	1082	1464	1	1	8
49	70	1082	1516	1	-1	2
49	71	1082	1531	1	-1	-20
49	72	1082	1541	1	-1	-10
49	73	1082	1549	1	-1	22
50	47	1121	1048	1	-1	-2
50	48	1121	1054	1	-1	-4
50	49	1121	1082	1	1	8
50	51	1121	1138	1	1	8
50	52	1121	1153	1	1	22
50	53	1121	1199	1	1	2
50	56	1121	1250	1	1	8
50	57	1121	1269	1	1	4
50	58	1121	1315	1	-1	-2
50	62	1121	1371	1	1	8
50	63	1121	1380	1	1	8
50	64	1121	1393	1	1	4
50	67	1121	1472	1	1	2
50	71	1121	1531	1	-1	-6
50	76	1121	1594	1	-1	-2
51	25	1138	497	1	-1	-2
51	32	1138	625	1	-1	-2
51	47	1138	1048	1	-1	-2
51	49	1138	1082	1	1	4
51	50	1138	1121	1	1	8
51	52	1138	1153	1	1	24
51	53	1138	1199	1	1	2
51	54	1138	1206	1	1	2
51	58	1138	1315	1	-1	-2
51	59	1138	1322	1	-1	-2
51	64	1138	1393	1	1	4
51	66	1138	1464	1	1	2
52	28	1153	535	1	-1	-2
52	32	1153	625	1	-1	-2
52	40	1153	802	1	1	4
52	44	1153	996	1	-1	-2
52	46	1153	1023	1	-1	-2
52	47	1153	1048	1	-1	-20
52	48	1153	1054	1	-1	-2
52	49	1153	1082	1	1	40
52	50	1153	1121	1	1	22
52	51	1153	1138	1	1	24
52	53	1153	1199	1	1	24
52	55	1153	1233	1	1	2
52	56	1153	1250	1	1	26
52	58	1153	1315	1	-1	-6
52	59	1153	1322	1	-1	-6
52	61	1153	1348	1	1	8
52	62	1153	1371	1	1	2
52	63	1153	1380	1	1	8
52	64	1153	1393	1	1	28
52	66	1153	1464	1	1	6
52	67	1153	1472	1	1	2
52	69	1153	1504	1	1	2
52	71	1153	1531	1	-1	-4
52	73	1153	1549	1	-1	-16
52	74	1153	1565	1	-1	-2
52	75	1153	1584	1	-1	-4
52	76	1153	1594	1	-1	-10
53	33	1199	649	1	-1	-2
53	47	1199	1048	1	-1	-2
53	49	1199	1082	1	1	-4
53	50	1199	1121	1	1	2
53	51	1199	1138	1	1	2
53	52	1199	1153	1	1	24
53	54	1199	1206	1	1	-2
53	55	1199	1233	1	1	2
53	56	1199	1250	1	1	6
53	57	1199	1269	1	1	2
53	59	1199	1322	1	-1	-2
53	63	1199	1380	1	1	2
53	64	1199	1393	1	1	6
53	69	1199	1504	1	1	2
53	73	1199	1549	1	-1	-2
53	74	1199	1565	1	-1	-2
53	76	1199	1594	1	-1	-4
54	51	1206	1138	1	1	2
54	53	1206	1199	1	1	-2
54	55	1206	1233	1	1	2
54	56	1206	1250	1	1	2
54	62	1206	1371	1	1	4
54	63	1206	1380	1	1	2
54	64	1206	1393	1	1	8
55	27	1233	531	1	-1	-2
55	47	1233	1048	1	-1	-2
55	49	1233	1082	1	1	8
55	52	1233	1153	1	1	2
55	53	1233	1199	1	1	2
55	54	1233	1206	1	1	2
55	56	1233	1250	1	1	14
55	57	1233	1269	1	1	6
55	58	1233	1315	1	-1	-4
55	59	1233	1322	1	-1	-2
55	61	1233	1348	1	1	2
55	63	1233	1380	1	1	4
55	64	1233	1393	1	1	4
55	76	1233	1594	1	-1	-2
56	29	1250	547	1	-1	-6
56	33	1250	649	1	-1	-2
56	36	1250	706	1	1	2
56	40	1250	802	1	1	2
56	41	1250	826	1	1	4
56	47	1250	1048	1	-1	-4
56	48	1250	1054	1	-1	-2
56	49	1250	1082	1	1	8
56	50	1250	1121	1	1	8
56	52	1250	1153	1	1	26
56	53	1250	1199	1	1	6
56	54	1250	1206	1	1	2
56	55	1250	1233	1	1	14
56	57	1250	1269	1	1	68
56	58	1250	1315	1	-1	-32
56	59	1250	1322	1	-1	-6
56	60	1250	1324	1	-1	-12
56	61	1250	1348	1	1	6
56	62	1250	1371	1	1	6
56	63	1250	1380	1	1	2
56	64	1250	1393	1	1	26
56	65	1250	1413	1	1	2
56	66	1250	1464	1	1	2
56	67	1250	1472	1	1	2
56	69	1250	1504	1	1	10
56	71	1250	1531	1	-1	-18
56	73	1250	1549	1	-1	-6
56	74	1250	1565	1	-1	-4
56	76	1250	1594	1	-1	-4
56	78	1250	1681	1	1	4
57	28	1269	535	1	-1	-2
57	50	1269	1121	1	1	4
57	53	1269	1199	1	1	2
57	55	1269	1233	1	1	6
57	56	1269	1250	1	1	68
57	58	1269	1315	1	-1	-12
57	59	1269	1322	1	-1	-2
57	60	1269	1324	1	-1	-2
57	61	1269	1348	1	1	6
57	62	1269	1371	1	1	6
57	63	1269	1380	1	1	2
57	64	1269	1393	1	1	4
57	65	1269	1413	1	1	6
57	66	1269	1464	1	1	2
57	74	1269	1565	1	-1	2
57	76	1269	1594	1	-1	-2
58	30	1315	570	-1	-1	-2
58	32	1315	625	-1	-1	2
58	41	1315	826	-1	1	-2
58	42	1315	862	-1	1	-12
58	46	1315	1023	-1	-1	2
58	47	1315	1048	-1	-1	14
58	48	1315	1054	-1	-1	8
58	49	1315	1082	-1	1	-2
58	50	1315	1121	-1	1	-2
58	51	1315	1138	-1	1	-2
58	52	1315	1153	-1	1	-6
58	55	1315	1233	-1	1	-4
58	56	1315	1250	-1	1	-32
58	57	1315	1269	-1	1	-12
58	59	1315	1322	-1	-1	56
58	60	1315	1324	-1	-1	64
58	61	1315	1348	-1	1	-74
58	62	1315	1371	-1	1	-38
58	63	1315	1380	-1	1	-14
58	64	1315	1393	-1	1	-32
58	65	1315	1413	-1	1	-4
58	66	1315	1464	-1	1	-2
58	67	1315	1472	-1	1	-6
58	69	1315	1504	-1	1	-6
58	70	1315	1516	-1	-1	2
58	71	1315	1531	-1	-1	6
58	73	1315	1549	-1	-1	4
58	76	1315	1594	-1	-1	16
58	77	1315	1667	-1	-1	2
58	78	1315	1681	-1	1	-4
59	47	1322	1048	-1	-1	2
59	51	1322	1138	-1	1	-2
59	52	1322	1153	-1	1	-6
59	53	1322	1199	-1	1	-2
59	55	1322	1233	-1	1	-2
59	56	1322	1250	-1	1	-6
59	57	1322	1269	-1	1	-2
59	58	1322	1315	-1	-1	56
59	60	1322	1324	-1	-1	44
59	61	1322	1348	-1	1	-64
59	62	1322	1371	-1	1	-30
59	63	1322	1380	-1	1	-6
59	64	1322	1393	-1	1	-20
59	65	1322	1413	-1	1	-2
59	71	1322	1531	-1	-1	4
59	72	1322	1541	-1	-1	2
59	73	1322	1549	-1	-1	4
59	77	1322	1667	-1	-1	2
59	78	1322	1681	-1	1	-4
59	80	1322	1715	-1	1	4
59	81	1322	1737	-1	1	-2
60	32	1324	625	-1	-1	2
60	33	1324	649	-1	-1	2
60	42	1324	862	-1	1	-6
60	44	1324	996	-1	-1	4
60	48	1324	1054	-1	-1	2
60	49	1324	1082	-1	1	-8
60	56	1324	1250	-1	1	-12
60	57	1324	1269	-1	1	-2
60	58	1324	1315	-1	-1	64
60	59	1324	1322	-1	-1	44
60	61	1324	1348	-1	1	-92
60	62	1324	1371	-1	1	-54
60	63	1324	1380	-1	1	4
60	64	1324	1393	-1	1	-12
60	65	1324	1413	-1	1	-4
60	66	1324	1464	-1	1	-2
60	67	1324	1472	-1	1	-4
60	69	1324	1504	-1	1	-6
60	71	1324	1531	-1	-1	4
60	72	1324	1541	-1	-1	2
60	73	1324	1549	-1	-1	4
60	76	1324	1594	-1	-1	6
60	80	1324	1715	-1	1	-4
60	81	1324	1737	-1	1	-2
61	32	1348	625	1	-1	-2
61	33	1348	649	1	-1	-6
61	36	1348	706	1	1	2
61	44	1348	996	1	-1	2
61	46	1348	1023	1	-1	2
61	47	1348	1048	1	-1	-6
61	49	1348	1082	1	1	4
61	52	1348	1153	1	1	8
61	55	1348	1233	1	1	2
61	56	1348	1250	1	1	6
61	57	1348	1269	1	1	6
61	58	1348	1315	1	-1	-74
61	59	1348	1322	1	-1	-64
61	60	1348	1324	1	-1	-92
61	62	1348	1371	1	1	100
61	63	1348	1380	1	1	10
61	64	1348	1393	1	1	34
61	65	1348	1413	1	1	4
61	66	1348	1464	1	1	12
61	68	1348	1487	1	1	2
61	69	1348	1504	1	1	8
61	70	1348	1516	1	-1	-4
61	71	1348	1531	1	-1	-12
61	72	1348	1541	1	-1	-10
61	73	1348	1549	1	-1	-10
61	76	1348	1594	1	-1	-2
61	78	1348	1681	1	1	-2
61	80	1348	1715	1	1	-2
61	81	1348	1737	1	1	2
61	82	1348	1743	1	1	8
62	33	1371	649	1	-1	-8
62	37	1371	715	1	1	2
62	46	1371	1023	1	-1	-2
62	47	1371	1048	1	-1	-6
62	49	1371	1082	1	1	4
62	50	1371	1121	1	1	8
62	52	1371	1153	1	1	2
62	54	1371	1206	1	1	4
62	56	1371	1250	1	1	6
62	57	1371	1269	1	1	6
62	58	1371	1315	1	-1	-38
62	59	1371	1322	1	-1	-30
62	60	1371	1324	1	-1	-54
62	61	1371	1348	1	1	100
62	63	1371	1380	1	1	174
62	64	1371	1393	1	1	162
62	65	1371	1413	1	1	8
62	66	1371	1464	1	1	12
62	67	1371	1472	1	1	-4
62	69	1371	1504	1	1	2
62	70	1371	1516	1	-1	-8
62	71	1371	1531	1	-1	-8
62	72	1371	1541	1	-1	-10
62	73	1371	1549	1	-1	-6
62	74	1371	1565	1	-1	-2
62	76	1371	1594	1	-1	-6
62	77	1371	1667	1	-1	-4
62	79	1371	1712	1	1	2
62	81	1371	1737	1	1	6
62	82	1371	1743	1	1	-2
62	83	1371	1778	1	1	-4
62	84	1371	1783	1	1	6
63	46	1380	1023	1	-1	-2
63	48	1380	1054	1	-1	-8
63	50	1380	1121	1	1	8
63	52	1380	1153	1	1	8
63	53	1380	1199	1	1	2
63	54	1380	1206	1	1	2
63	55	1380	1233	1	1	4
63	56	1380	1250	1	1	2
63	57	1380	1269	1	1	2
63	58	1380	1315	1	-1	-14
63	59	1380	1322	1	-1	-6
63	60	1380	1324	1	-1	4
63	61	1380	1348	1	1	10
63	62	1380	1371	1	1	174
63	64	1380	1393	1	1	252
63	65	1380	1413	1	1	2
63	66	1380	1464	1	1	6
63	69	1380	1504	1	1	8
63	71	1380	1531	1	-1	-8
63	72	1380	1541	1	-1	-4
63	73	1380	1549	1	-1	-2
63	76	1380	1594	1	-1	-2
63	78	1380	1681	1	1	2
63	81	1380	1737	1	1	8
63	84	1380	1783	1	1	4
64	36	1393	706	1	1	6
64	38	1393	741	1	1	8
64	39	1393	756	1	1	2
64	40	1393	802	1	1	4
64	42	1393	862	1	1	8
64	46	1393	1023	1	-1	-4
64	47	1393	1048	1	-1	-18
64	48	1393	1054	1	-1	-4
64	49	1393	1082	1	1	24
64	50	1393	1121	1	1	4
64	51	1393	1138	1	1	4
64	52	1393	1153	1	1	28
64	53	1393	1199	1	1	6
64	54	1393	1206	1	1	8
64	55	1393	1233	1	1	4
64	56	1393	1250	1	1	26
64	57	1393	1269	1	1	4
64	58	1393	1315	1	-1	-32
64	59	1393	1322	1	-1	-20
64	60	1393	1324	1	-1	-12
64	61	1393	1348	1	1	34
64	62	1393	1371	1	1	162
64	63	1393	1380	1	1	252
64	65	1393	1413	1	1	90
64	66	1393	1464	1	1	112
64	67	1393	1472	1	1	14
64	68	1393	1487	1	1	2
64	69	1393	1504	1	1	66
64	70	1393	1516	1	-1	-20
64	71	1393	1531	1	-1	-44
64	72	1393	1541	1	-1	-4
64	73	1393	1549	1	-1	-28
64	74	1393	1565	1	-1	-10
64	75	1393	1584	1	-1	-8
64	76	1393	1594	1	-1	-46
64	77	1393	1667	1	-1	-2
64	78	1393	1681	1	1	16
64	80	1393	1715	1	1	8
64	81	1393	1737	1	1	12
64	82	1393	1743	1	1	10
64	84	1393	1783	1	1	6
64	85	1393	1835	1	1	6
65	40	1413	802	1	1	4
65	42	1413	862	1	1	2
65	47	1413	1048	1	-1	-2
65	48	1413	1054	1	-1	-4
65	49	1413	1082	1	1	8
65	56	1413	1250	1	1	2
65	57	1413	1269	1	1	6
65	58	1413	1315	1	-1	-4
65	59	1413	1322	1	-1	-2
65	60	1413	1324	1	-1	-4
65	61	1413	1348	1	1	4
65	62	1413	1371	1	1	8
65	63	1413	1380	1	1	2
65	64	1413	1393	1	1	90
65	66	1413	1464	1	1	96
65	67	1413	1472	1	1	16
65	68	1413	1487	1	1	6
65	69	1413	1504	1	1	22
65	70	1413	1516	1	-1	-14
65	71	1413	1531	1	-1	-20
65	72	1413	1541	1	-1	-10
65	73	1413	1549	1	-1	-6
65	76	1413	1594	1	-1	-4
65	78	1413	1681	1	1	2
65	82	1413	1743	1	1	2
65	84	1413	1783	1	1	2
66	38	1464	741	1	1	2
66	39	1464	756	1	1	2
66	40	1464	802	1	1	2
66	43	1464	984	1	-1	-2
66	46	1464	1023	1	-1	-2
66	47	1464	1048	1	-1	-2
66	48	1464	1054	1	-1	-2
66	49	1464	1082	1	1	8
66	51	1464	1138	1	1	2
66	52	1464	1153	1	1	6
66	56	1464	1250	1	1	2
66	57	1464	1269	1	1	2
66	58	1464	1315	1	-1	-2
66	60	1464	1324	1	-1	-2
66	61	1464	1348	1	1	12
66	62	1464	1371	1	1	12
66	63	1464	1380	1	1	6
66	64	1464	1393	1	1	112
66	65	1464	1413	1	1	96
66	67	1464	1472	1	1	48
66	68	1464	1487	1	1	8
66	69	1464	1504	1	1	60
66	70	1464	1516	1	-1	-12
66	71	1464	1531	1	-1	-46
66	72	1464	1541	1	-1	-10
66	73	1464	1549	1	-1	-14
66	74	1464	1565	1	-1	-2
66	76	1464	1594	1	-1	-14
66	80	1464	1715	1	1	2
66	81	1464	1737	1	1	2
66	82	1464	1743	1	1	4
66	84	1464	1783	1	1	10
66	85	1464	1835	1	1	4
67	42	1472	862	1	1	10
67	46	1472	1023	1	-1	-2
67	47	1472	1048	1	-1	-2
67	48	1472	1054	1	-1	-2
67	50	1472	1121	1	1	2
67	52	1472	1153	1	1	2
67	56	1472	1250	1	1	2
67	58	1472	1315	1	-1	-6
67	60	1472	1324	1	-1	-4
67	62	1472	1371	1	1	-4
67	64	1472	1393	1	1	14
67	65	1472	1413	1	1	16
67	66	1472	1464	1	1	48
67	68	1472	1487	1	1	16
67	69	1472	1504	1	1	112
67	70	1472	1516	1	-1	-10
67	71	1472	1531	1	-1	-26
67	72	1472	1541	1	-1	-2
67	73	1472	1549	1	-1	-14
67	74	1472	1565	1	-1	-4
67	76	1472	1594	1	-1	-2
67	80	1472	1715	1	1	2
67	81	1472	1737	1	1	8
67	82	1472	1743	1	1	4
67	83	1472	1778	1	1	2
67	84	1472	1783	1	1	4
67	85	1472	1835	1	1	2
68	42	1487	862	1	1	2
68	47	1487	1048	1	-1	-2
68	48	1487	1054	1	-1	-2
68	61	1487	1348	1	1	2
68	64	1487	1393	1	1	2
68	65	1487	1413	1	1	6
68	66	1487	1464	1	1	8
68	67	1487	1472	1	1	16
68	69	1487	1504	1	1	32
68	71	1487	1531	1	-1	-4
68	72	1487	1541	1	-1	-4
68	73	1487	1549	1	-1	-4
68	75	1487	1584	1	-1	-2
68	76	1487	1594	1	-1	-4
69	41	1504	826	1	1	2
69	42	1504	862	1	1	2
69	43	1504	984	1	-1	-2
69	46	1504	1023	1	-1	-4
69	47	1504	1048	1	-1	-12
69	48	1504	1054	1	-1	-2
69	52	1504	1153	1	1	2
69	53	1504	1199	1	1	2
69	56	1504	1250	1	1	10
69	58	1504	1315	1	-1	-6
69	60	1504	1324	1	-1	-6
69	61	1504	1348	1	1	8
69	62	1504	1371	1	1	2
69	63	1504	1380	1	1	8
69	64	1504	1393	1	1	66
69	65	1504	1413	1	1	22
69	66	1504	1464	1	1	60
69	67	1504	1472	1	1	112
69	68	1504	1487	1	1	32
69	70	1504	1516	1	-1	-16
69	71	1504	1531	1	-1	-70
69	72	1504	1541	1	-1	-14
69	73	1504	1549	1	-1	-12
69	74	1504	1565	1	-1	-4
69	75	1504	1584	1	-1	-2
69	76	1504	1594	1	-1	-20
69	78	1504	1681	1	1	12
69	80	1504	1715	1	1	2
69	81	1504	1737	1	1	4
69	82	1504	1743	1	1	8
69	84	1504	1783	1	1	8
70	42	1516	862	-1	1	-2
70	43	1516	984	-1	-1	4
70	47	1516	1048	-1	-1	6
70	48	1516	1054	-1	-1	6
70	49	1516	1082	-1	1	2
70	58	1516	1315	-1	-1	2
70	61	1516	1348	-1	1	-4
70	62	1516	1371	-1	1	-8
70	64	1516	1393	-1	1	-20
70	65	1516	1413	-1	1	-14
70	66	1516	1464	-1	1	-12
70	67	1516	1472	-1	1	-10
70	69	1516	1504	-1	1	-16
70	71	1516	1531	-1	-1	148
70	72	1516	1541	-1	-1	22
70	73	1516	1549	-1	-1	10
70	76	1516	1594	-1	-1	6
70	80	1516	1715	-1	1	-2
70	81	1516	1737	-1	1	-4
70	84	1516	1783	-1	1	-2
71	42	1531	862	-1	1	-4
71	43	1531	984	-1	-1	14
71	44	1531	996	-1	-1	4
71	45	1531	997	-1	-1	2
71	46	1531	1023	-1	-1	8
71	47	1531	1048	-1	-1	22
71	48	1531	1054	-1	-1	22
71	49	1531	1082	-1	1	-20
71	50	1531	1121	-1	1	-6
71	52	1531	1153	-1	1	-4
71	56	1531	1250	-1	1	-18
71	58	1531	1315	-1	-1	6
71	59	1531	1322	-1	-1	4
71	60	1531	1324	-1	-1	4
71	61	1531	1348	-1	1	-12
71	62	1531	1371	-1	1	-8
71	63	1531	1380	-1	1	-8
71	64	1531	1393	-1	1	-44
71	65	1531	1413	-1	1	-20
71	66	1531	1464	-1	1	-46
71	67	1531	1472	-1	1	-26
71	68	1531	1487	-1	1	-4
71	69	1531	1504	-1	1	-70
71	70	1531	1516	-1	-1	148
71	72	1531	1541	-1	-1	116
71	73	1531	1549	-1	-1	104
71	74	1531	1565	-1	-1	12
71	75	1531	1584	-1	-1	10
71	76	1531	1594	-1	-1	42
71	78	1531	1681	-1	1	-6
71	81	1531	1737	-1	1	-18
71	82	1531	1743	-1	1	-10
71	83	1531	1778	-1	1	-32
71	84	1531	1783	-1	1	-28
71	85	1531	1835	-1	1	-10
72	47	1541	1048	-1	-1	4
72	48	1541	1054	-1	-1	6
72	49	1541	1082	-1	1	-10
72	59	1541	1322	-1	-1	2
72	60	1541	1324	-1	-1	2
72	61	1541	1348	-1	1	-10
72	62	1541	1371	-1	1	-10
72	63	1541	1380	-1	1	-4
72	64	1541	1393	-1	1	-4
72	65	1541	1413	-1	1	-10
72	66	1541	1464	-1	1	-10
72	67	1541	1472	-1	1	-2
72	68	1541	1487	-1	1	-4
72	69	1541	1504	-1	1	-14
72	70	1541	1516	-1	-1	22
72	71	1541	1531	-1	-1	116
72	73	1541	1549	-1	-1	126
72	74	1541	1565	-1	-1	26
72	75	1541	1584	-1	-1	10
72	76	1541	1594	-1	-1	48
72	78	1541	1681	-1	1	-6
72	79	1541	1712	-1	1	-4
72	81	1541	1737	-1	1	-14
72	82	1541	1743	-1	1	-2
72	84	1541	1783	-1	1	-6
72	85	1541	1835	-1	1	-2
73	47	1549	1048	-1	-1	6
73	48	1549	1054	-1	-1	4
73	49	1549	1082	-1	1	22
73	52	1549	1153	-1	1	-16
73	53	1549	1199	-1	1	-2
73	56	1549	1250	-1	1	-6
73	58	1549	1315	-1	-1	4
73	59	1549	1322	-1	-1	4
73	60	1549	1324	-1	-1	4
73	61	1549	1348	-1	1	-10
73	62	1549	1371	-1	1	-6
73	63	1549	1380	-1	1	-2
73	64	1549	1393	-1	1	-28
73	65	1549	1413	-1	1	-6
73	66	1549	1464	-1	1	-14
73	67	1549	1472	-1	1	-14
73	68	1549	1487	-1	1	-4
73	69	1549	1504	-1	1	-12
73	70	1549	1516	-1	-1	10
73	71	1549	1531	-1	-1	104
73	72	1549	1541	-1	-1	126
73	74	1549	1565	-1	-1	142
73	75	1549	1584	-1	-1	32
73	76	1549	1594	-1	-1	166
73	78	1549	1681	-1	1	-18
73	80	1549	1715	-1	1	-2
73	81	1549	1737	-1	1	-14
73	82	1549	1743	-1	1	-12
73	83	1549	1778	-1	1	-6
73	84	1549	1783	-1	1	-24
73	85	1549	1835	-1	1	-4
74	52	1565	1153	-1	1	-2
74	53	1565	1199	-1	1	-2
74	56	1565	1250	-1	1	-4
74	57	1565	1269	-1	1	2
74	62	1565	1371	-1	1	-2
74	64	1565	1393	-1	1	-10
74	66	1565	1464	-1	1	-2
74	67	1565	1472	-1	1	-4
74	69	1565	1504	-1	1	-4
74	71	1565	1531	-1	-1	12
74	72	1565	1541	-1	-1	26
74	73	1565	1549	-1	-1	142
74	75	1565	1584	-1	-1	42
74	76	1565	1594	-1	-1	90
74	78	1565	1681	-1	1	-4
74	80	1565	1715	-1	1	-2
74	81	1565	1737	-1	1	-12
74	83	1565	1778	-1	1	-4
75	52	1584	1153	-1	1	-4
75	64	1584	1393	-1	1	-8
75	68	1584	1487	-1	1	-2
75	69	1584	1504	-1	1	-2
75	71	1584	1531	-1	-1	10
75	72	1584	1541	-1	-1	10
75	73	1584	1549	-1	-1	32
75	74	1584	1565	-1	-1	42
75	76	1584	1594	-1	-1	94
75	78	1584	1681	-1	1	-14
75	81	1584	1737	-1	1	-2
76	50	1594	1121	-1	1	-2
76	52	1594	1153	-1	1	-10
76	53	1594	1199	-1	1	-4
76	55	1594	1233	-1	1	-2
76	56	1594	1250	-1	1	-4
76	57	1594	1269	-1	1	-2
76	58	1594	1315	-1	-1	16
76	60	1594	1324	-1	-1	6
76	61	1594	1348	-1	1	-2
76	62	1594	1371	-1	1	-6
76	63	1594	1380	-1	1	-2
76	64	1594	1393	-1	1	-46
76	65	1594	1413	-1	1	-4
76	66	1594	1464	-1	1	-14
76	67	1594	1472	-1	1	-2
76	68	1594	1487	-1	1	-4
76	69	1594	1504	-1	1	-20
76	70	1594	1516	-1	-1	6
76	71	1594	1531	-1	-1	42
76	72	1594	1541	-1	-1	48
76	73	1594	1549	-1	-1	166
76	74	1594	1565	-1	-1	90
76	75	1594	1584	-1	-1	94
76	77	1594	1667	-1	-1	54
76	78	1594	1681	-1	1	-150
76	79	1594	1712	-1	1	-4
76	80	1594	1715	-1	1	-28
76	81	1594	1737	-1	1	-64
76	82	1594	1743	-1	1	-22
76	83	1594	1778	-1	1	-14
76	84	1594	1783	-1	1	-24
76	85	1594	1835	-1	1	-8
77	58	1667	1315	-1	-1	2
77	59	1667	1322	-1	-1	2
77	62	1667	1371	-1	1	-4
77	64	1667	1393	-1	1	-2
77	76	1667	1594	-1	-1	54
77	78	1667	1681	-1	1	-70
77	80	1667	1715	-1	1	-4
77	81	1667	1737	-1	1	-2
77	84	1667	1783	-1	1	-6
78	56	1681	1250	1	1	4
78	58	1681	1315	1	-1	-4
78	59	1681	1322	1	-1	-4
78	61	1681	1348	1	1	-2
78	63	1681	1380	1	1	2
78	64	1681	1393	1	1	16
78	65	1681	1413	1	1	2
78	69	1681	1504	1	1	12
78	71	1681	1531	1	-1	-6
78	72	1681	1541	1	-1	-6
78	73	1681	1549	1	-1	-18
78	74	1681	1565	1	-1	-4
78	75	1681	1584	1	-1	-14
78	76	1681	1594	1	-1	-150
78	77	1681	1667	1	-1	-70
78	79	1681	1712	1	1	24
78	80	1681	1715	1	1	50
78	81	1681	1737	1	1	52
78	82	1681	1743	1	1	12
78	83	1681	1778	1	1	4
78	84	1681	1783	1	1	48
78	85	1681	1835	1	1	4
79	62	1712	1371	1	1	2
79	72	1712	1541	1	-1	-4
79	76	1712	1594	1	-1	-4
79	78	1712	1681	1	1	24
79	80	1712	1715	1	1	22
79	81	1712	1737	1	1	24
79	83	1712	1778	1	1	-2
79	85	1712	1835	1	1	2
80	59	1715	1322	1	-1	4
80	60	1715	1324	1	-1	-4
80	61	1715	1348	1	1	-2
80	64	1715	1393	1	1	8
80	66	1715	1464	1	1	2
80	67	1715	1472	1	1	2
80	69	1715	1504	1	1	2
80	70	1715	1516	1	-1	-2
80	73	1715	1549	1	-1	-2
80	74	1715	1565	1	-1	-2
80	76	1715	1594	1	-1	-28
80	77	1715	1667	1	-1	-4
80	78	1715	1681	1	1	50
80	79	1715	1712	1	1	22
80	81	1715	1737	1	1	134
80	82	1715	1743	1	1	10
80	83	1715	1778	1	1	8
80	84	1715	1783	1	1	16
80	85	1715	1835	1	1	2
81	59	1737	1322	1	-1	-2
81	60	1737	1324	1	-1	-2
81	61	1737	1348	1	1	2
81	62	1737	1371	1	1	6
81	63	1737	1380	1	1	8
81	64	1737	1393	1	1	12
81	66	1737	1464	1	1	2
81	67	1737	1472	1	1	8
81	69	1737	1504	1	1	4
81	70	1737	1516	1	-1	-4
81	71	1737	1531	1	-1	-18
81	72	1737	1541	1	-1	-14
81	73	1737	1549	1	-1	-14
81	74	1737	1565	1	-1	-12
81	75	1737	1584	1	-1	-2
81	76	1737	1594	1	-1	-64
81	77	1737	1667	1	-1	-2
81	78	1737	1681	1	1	52
81	79	1737	1712	1	1	24
81	80	1737	1715	1	1	134
81	82	1737	1743	1	1	162
81	83	1737	1778	1	1	30
81	84	1737	1783	1	1	100
81	85	1737	1835	1	1	6
82	61	1743	1348	1	1	8
82	62	1743	1371	1	1	-2
82	64	1743	1393	1	1	10
82	65	1743	1413	1	1	2
82	66	1743	1464	1	1	4
82	67	1743	1472	1	1	4
82	69	1743	1504	1	1	8
82	71	1743	1531	1	-1	-10
82	72	1743	1541	1	-1	-2
82	73	1743	1549	1	-1	-12
82	76	1743	1594	1	-1	-22
82	78	1743	1681	1	1	12
82	80	1743	1715	1	1	10
82	81	1743	1737	1	1	162
82	83	1743	1778	1	1	70
82	84	1743	1783	1	1	140
82	85	1743	1835	1	1	8
83	62	1778	1371	1	1	-4
83	67	1778	1472	1	1	2
83	71	1778	1531	1	-1	-32
83	73	1778	1549	1	-1	-6
83	74	1778	1565	1	-1	-4
83	76	1778	1594	1	-1	-14
83	78	1778	1681	1	1	4
83	79	1778	1712	1	1	-2
83	80	1778	1715	1	1	8
83	81	1778	1737	1	1	30
83	82	1778	1743	1	1	70
83	84	1778	1783	1	1	66
84	62	1783	1371	1	1	6
84	63	1783	1380	1	1	4
84	64	1783	1393	1	1	6
84	65	1783	1413	1	1	2
84	66	1783	1464	1	1	10
84	67	1783	1472	1	1	4
84	69	1783	1504	1	1	8
84	70	1783	1516	1	-1	-2
84	71	1783	1531	1	-1	-28
84	72	1783	1541	1	-1	-6
84	73	1783	1549	1	-1	-24
84	76	1783	1594	1	-1	-24
84	77	1783	1667	1	-1	-6
84	78	1783	1681	1	1	48
84	80	1783	1715	1	1	16
84	81	1783	1737	1	1	100
84	82	1783	1743	1	1	140
84	83	1783	1778	1	1	66
84	85	1783	1835	1	1	66
85	64	1835	1393	1	1	6
85	66	1835	1464	1	1	4
85	67	1835	1472	1	1	2
85	71	1835	1531	1	-1	-10
85	72	1835	1541	1	-1	-2
85	73	1835	1549	1	-1	-4
85	76	1835	1594	1	-1	-8
85	78	1835	1681	1	1	4
85	79	1835	1712	1	1	2
85	80	1835	1715	1	1	2
85	81	1835	1737	1	1	6
85	82	1835	1743	1	1	8
85	84	1835	1783	1	1	66
